Education,Marital_Status,Income,Kids,Expenses,TotalAcceptedCmp,NumTotalPurchases,Customer_Age,Customer_For
0,1,0.28894655376703077,-1.2643075685916398,1.7676705941668287,-0.43893256174123346,1.3193399291493733,1.0168681723316564,1.5297928936300083
0,1,-0.2620030035900567,1.3951390197158926,-0.9590749953173181,-0.43893256174123346,-1.1558571364272208,1.2732638910206036,-1.1911428188072186
0,0,0.9184230066572083,-1.2643075685916398,0.4067425802880105,-0.43893256174123346,0.7982458100806167,0.3331462558277972,-0.2066588064890219
0,0,-1.1821831274513344,0.0654157255621263,-0.9069196702345371,-0.43893256174123346,-0.8953100768928424,-1.2906932958688682,-1.0625167669465496
0,0,0.2961872847650254,0.0654157255621263,-0.2859453309676752,-0.43893256174123346,0.5376987505462384,-1.034297577179921,-0.9536793384490606
0,0,0.4933220254846209,0.0654157255621263,0.09381062979132425,-0.43893256174123346,0.9285193398478059,0.16221577670183246,-0.3006547674641261
0,1,0.17202042674780152,0.0654157255621263,-0.041467244642139085,-0.43893256174123346,0.7982458100806167,-0.17964518155009707,1.1834919847743612
0,0,-0.8641515362619964,0.0654157255621263,-0.7260058863536403,-0.43893256174123346,-0.6347630173584641,-1.3761585354318504,0.3127925567944487
0,0,-1.009106299402495,0.0654157255621263,-0.9297376249582537,-0.43893256174123346,-1.1558571364272208,-0.43604090023904424,0.1693250374113949
0,0,-2.163091962908696,1.3951390197158926,-0.9248480632317431,1.0347209038044092,-1.6769512554959773,1.615124849272533,-1.2158785980111932
0,0,-0.026679246155231505,0.0654157255621263,-0.977003388314524,-0.43893256174123346,-1.416404195961599,-1.2052280563058857,-0.6321142087973883
1,0,-2.076576906081044,-1.2643075685916398,-0.8889912772373311,-0.43893256174123346,-1.1558571364272208,-0.606971379365009,1.1834919847743612
0,1,0.5176135101230545,-1.2643075685916398,0.9755615944720913,-0.43893256174123346,0.14687816124467087,0.8459376932056916,-0.6321142087973883
0,1,0.34575125630613696,1.3951390197158926,-0.502715900842984,-0.43893256174123346,0.01660463147748173,1.4441943701465683,-0.6321142087973883
0,0,-1.6177014183823268,-1.2643075685916398,-0.9215883554140692,-0.43893256174123346,-1.2861306661944099,-1.5470890145578151,1.3516952833613898
0,1,1.441016927138278,-1.2643075685916398,1.12387830017625,2.5083743693500518,1.4496134589165623,1.9569858075244626,1.1290732705256168
0,0,-0.4719374881383652,1.3951390197158926,-0.8661733225136143,-0.43893256174123346,-0.7650365471256532,-0.9488323376169385,0.980658595301768
0,0,-0.6629993576983523,-1.2643075685916398,-0.26312737624395854,-0.43893256174123346,-0.2439424280568966,1.9569858075244626,1.5495815169931881
0,0,1.1698398726649957,0.0654157255621263,1.8736110982412277,1.0347209038044092,1.4496134589165623,1.7005900888355154,0.515625946267042
0,1,-0.8474277833763056,0.0654157255621263,-0.7781612114364214,-0.43893256174123346,-0.8953100768928424,-1.3761585354318504,1.232963543182311
0,0,-0.6966337210438757,-1.2643075685916398,-0.43915159839834456,-0.43893256174123346,-0.37421595782408573,-1.1197628167429032,1.6633661013314722
0,0,-2.312624736615669,0.0654157255621263,1.814936357523099,-0.43893256174123346,3.664263464958778,-0.8633670980539562,0.9163455693714335
0,0,0.31085560433515647,0.0654157255621263,0.5795070946247227,1.0347209038044092,0.27715169101186005,1.7005900888355154,0.985605751142563
0,0,0.6246361857127685,0.0654157255621263,-0.13599877135467972,-0.43893256174123346,0.6679722803134275,1.2732638910206036,-0.9141020917227008
0,0,-0.5261728990330217,0.0654157255621263,-0.22727059024954657,-0.43893256174123346,0.6679722803134275,1.5296596097095505,0.5650975046749915
0,1,-1.5585609961664482,-1.2643075685916398,-0.8775822998754728,-0.43893256174123346,-0.8953100768928424,-0.008714702424132305,0.9361341927346134
0,0,0.06569846706111922,1.3951390197158926,-0.590728011920177,-0.43893256174123346,-0.11366889828970743,-0.606971379365009,0.21879659581934446
0,1,-0.026679246155231505,0.0654157255621263,-0.39025598113323734,-0.43893256174123346,1.5798869886837517,-1.4616237749948329,0.6937235565356604
0,0,-0.6349707215770828,0.0654157255621263,-0.7928298966159535,-0.43893256174123346,-0.7650365471256532,-1.71801949368378,0.19900797245616464
0,0,1.5259436945857248,-1.2643075685916398,1.6470614049128973,1.0347209038044092,1.4496134589165623,0.3331462558277972,-0.666744299682953
0,1,-1.9140575309712164,-1.2643075685916398,-0.9558152874996443,-0.43893256174123346,-0.8953100768928424,-1.71801949368378,-1.5621795068668405
0,0,-0.6228249792578661,-1.2643075685916398,-0.466859114848572,-0.43893256174123346,-0.5044894875912749,0.504076734953762,0.2979510892720638
0,0,-0.53275962852152,0.0654157255621263,-0.8058687278866488,1.0347209038044092,-0.7650365471256532,-0.09417994198711468,1.3516952833613898
0,1,-0.24957697490962719,1.3951390197158926,-0.4945666312987994,-0.43893256174123346,0.27715169101186005,1.4441943701465683,1.2576993223862856
0,0,0.7803352593664206,-1.2643075685916398,1.0277169195548723,-0.43893256174123346,0.4074252207790492,1.9569858075244626,0.6937235565356604
0,1,-0.11975767527461396,1.3951390197158926,-0.8971405467815157,-0.43893256174123346,-1.1558571364272208,1.5296596097095505,-0.24623605321538158
0,0,0.7194196901961949,0.0654157255621263,0.4703068827326499,-0.43893256174123346,1.7101605184509407,-0.09417994198711468,-0.8596833774739564
0,0,-1.3189628717231294,0.0654157255621263,-0.8596539068782667,-0.43893256174123346,-0.7650365471256532,-0.606971379365009,-0.2660246765785614
0,1,-0.44488985428134015,0.0654157255621263,-0.8922509850550049,-0.43893256174123346,-1.0255836066600315,-0.35057566067606183,-1.0674639227873446
0,1,-0.14035872282374706,-1.2643075685916398,0.6463311048870359,1.0347209038044092,1.1890663993821842,2.2133815262134098,0.7877195175107646
0,0,1.3107304835679103,0.0654157255621263,1.1124693228143916,-0.43893256174123346,0.7982458100806167,-0.9488323376169385,0.3573169593616033
0,0,-1.4665336409016134,0.0654157255621263,-0.9134390858698846,-0.43893256174123346,-1.0255836066600315,-1.3761585354318504,0.5947804397197612
0,0,-1.3994984861782438,0.0654157255621263,-0.9655944109526657,-0.43893256174123346,-1.416404195961599,1.0168681723316564,0.980658595301768
0,1,-0.026679246155231505,-1.2643075685916398,-0.6999282238122498,-0.43893256174123346,-0.7650365471256532,0.8459376932056916,-0.5826426503894387
0,0,-2.076576906081044,0.0654157255621263,-0.9525555796819705,-0.43893256174123346,-0.8953100768928424,-0.5215061398020266,-0.41443935180241015
0,1,1.307460476020429,-1.2643075685916398,0.9201465615716364,-0.43893256174123346,0.14687816124467087,-0.606971379365009,-1.745224272976254
0,0,-2.076576906081044,-1.2643075685916398,-0.8172777052485072,-0.43893256174123346,-0.6347630173584641,-2.316276170624657,1.2032806081375411
0,0,-0.47763664414969004,0.0654157255621263,-0.9183286475963954,-0.43893256174123346,-1.2861306661944099,0.07675053713885008,0.23363806334172935
0,1,-0.026679246155231505,2.7248623138696586,-0.8091284357043226,-0.43893256174123346,-0.6347630173584641,1.5296596097095505,-0.8646305333147514
0,0,0.9621943933999242,1.3951390197158926,1.1646246478971727,-0.43893256174123346,1.7101605184509407,1.2732638910206036,1.208227763978336
0,1,0.6322039174655113,0.0654157255621263,-0.22727059024954657,-0.43893256174123346,0.27715169101186005,1.0168681723316564,-1.5127079484588908
0,0,1.2701823899791405,-1.2643075685916398,1.5264522156589662,-0.43893256174123346,1.8404340482181298,0.41861149539077963,1.6485246338090873
0,1,-0.7550267129631871,0.0654157255621263,-0.8400956599722239,-0.43893256174123346,-1.0255836066600315,-0.6924366189279914,0.9361341927346134
0,1,1.43083318934755,-1.2643075685916398,1.8198259192496096,2.5083743693500518,0.7982458100806167,-0.6924366189279914,-1.6413340003195598
0,0,0.6736395845314547,1.3951390197158926,-0.036577682915628365,-0.43893256174123346,1.058792869614995,-0.7779018584909737,0.13964210236662514
0,0,1.4215837394275312,-1.2643075685916398,2.2827044293592915,1.0347209038044092,1.5798869886837517,1.187798651457621,1.1538090497295916
0,1,0.8564797208292027,-1.2643075685916398,0.7783492715028255,-0.43893256174123346,0.7982458100806167,0.24768101626481484,0.49089016706306715
0,1,-1.121828131003534,0.0654157255621263,-0.9558152874996443,-0.43893256174123346,-1.1558571364272208,-1.6325542541207976,-1.4434477666877614
0,1,-0.026679246155231505,0.0654157255621263,-0.9297376249582537,-0.43893256174123346,-1.0255836066600315,-1.1197628167429032,0.11490632316265036
0,0,0.18692231828560982,0.0654157255621263,-0.16044657998723336,-0.43893256174123346,0.5376987505462384,0.07675053713885008,-1.1664070396032438
0,1,1.1129417413388185,-1.2643075685916398,1.4302908350375885,2.5083743693500518,0.7982458100806167,-1.1197628167429032,0.030804673869136073
0,0,0.6867196147213804,1.3951390197158926,-0.010500020374237843,-0.43893256174123346,0.9285193398478059,-0.5215061398020266,1.5149514261076236
0,1,0.46108909394516095,0.0654157255621263,0.47356659055032374,-0.43893256174123346,1.1890663993821842,1.4441943701465683,0.7036178682172504
0,1,0.7346952968822867,0.0654157255621263,-0.026798559462606918,-0.43893256174123346,0.5376987505462384,1.5296596097095505,0.1445892582074201
0,0,0.874184475979138,-1.2643075685916398,0.7441223394172504,-0.43893256174123346,0.14687816124467087,1.7860553283984977,-0.7360044814540824
0,0,-1.2253939414716248,0.0654157255621263,-0.9541854335908074,-0.43893256174123346,-1.2861306661944099,-0.17964518155009707,0.24847953086411423
0,0,-0.9099316419267366,1.3951390197158926,-0.9867825117675455,-0.43893256174123346,-1.416404195961599,0.16221577670183246,-1.5077607926180958
0,1,1.692994365868491,0.0654157255621263,1.3602071169576015,2.5083743693500518,2.2312546375196973,-0.8633670980539562,-1.245561533055963
0,0,0.8008428781284828,0.0654157255621263,-0.06265534545701888,-0.43893256174123346,0.4074252207790492,0.9314029327686739,-0.38970357259843535
0,0,1.0698243561055991,2.7248623138696586,1.5883866641947686,-0.43893256174123346,0.5376987505462384,-0.09417994198711468,0.46120723201829744
0,0,0.7025090797363622,-1.2643075685916398,1.2477471972478549,-0.43893256174123346,0.7982458100806167,1.2732638910206036,1.4951628027444437
0,0,-0.026679246155231505,0.0654157255621263,-0.8058687278866488,-0.43893256174123346,-0.7650365471256532,-0.35057566067606183,1.4803213352220588
0,0,0.6109488684068819,0.0654157255621263,0.47845615227683447,-0.43893256174123346,1.9707075779853191,0.8459376932056916,0.5700446605157865
0,0,0.4054055368509056,1.3951390197158926,0.062843405523423,1.0347209038044092,1.1890663993821842,-0.5215061398020266,0.4760486995406823
0,0,-1.103422659950567,-1.2643075685916398,-0.9166987936875585,-0.43893256174123346,-0.8953100768928424,1.4441943701465683,-1.4533420783693514
0,1,-0.5468673753692257,0.0654157255621263,-0.9818929500410348,-0.43893256174123346,-1.416404195961599,-0.6924366189279914,1.0053943745057428
0,0,1.0883699703391723,-1.2643075685916398,2.20447144173512,-0.43893256174123346,0.5376987505462384,-0.2651104211130795,1.569370140356368
0,1,1.1151840322285203,-1.2643075685916398,2.6477917049387587,1.0347209038044092,0.9285193398478059,-0.606971379365009,1.3418009716797998
0,0,-1.197131733382678,-1.2643075685916398,-0.9802630961321979,-0.43893256174123346,-1.416404195961599,-0.606971379365009,-0.2759189882601513
0,0,0.19122004249087113,-1.2643075685916398,0.12314800015038858,1.0347209038044092,0.7982458100806167,0.3331462558277972,0.9361341927346134
0,1,-1.0367145059819456,0.0654157255621263,-0.7325253019889879,-0.43893256174123346,-0.37421595782408573,-1.3761585354318504,1.559475828674778
0,0,-1.198159450040458,0.0654157255621263,-0.9753735344056872,-0.43893256174123346,-1.416404195961599,-0.008714702424132305,0.0852233881178806
0,0,-1.3263904602952659,0.0654157255621263,-0.8645434686047775,-0.43893256174123346,-0.7650365471256532,-0.35057566067606183,0.03575182970993103
0,0,-0.6228249792578661,-1.2643075685916398,-0.466859114848572,-0.43893256174123346,-0.5044894875912749,0.504076734953762,0.2979510892720638
0,1,1.3737949148407667,-1.2643075685916398,0.20138098777456015,-0.43893256174123346,1.5798869886837517,-1.5470890145578151,-1.136724104558474
0,0,-1.0516631119132893,1.3951390197158926,-0.9036599624168633,-0.43893256174123346,-1.0255836066600315,0.7604724536427091,-0.15718724808107232
0,0,-0.7387701040128508,1.3951390197158926,-0.7586029645303785,1.0347209038044092,-0.2439424280568966,-0.09417994198711468,-0.02856119622040342
0,1,-0.07308999613270026,0.0654157255621263,-0.4032948124039326,2.5083743693500518,0.27715169101186005,1.0168681723316564,-1.59186244191161
0,0,1.2912038670700927,-1.2643075685916398,1.1841828948032156,1.0347209038044092,0.5376987505462384,-0.35057566067606183,-1.5127079484588908
0,0,0.10395755536665209,0.0654157255621263,-0.6819998308150438,-0.43893256174123346,-0.6347630173584641,0.16221577670183246,-0.9635736501306504
0,0,-0.026679246155231505,2.7248623138696586,-0.0023507508300533034,-0.43893256174123346,1.8404340482181298,1.0168681723316564,1.1538090497295916
0,1,-0.026679246155231505,1.3951390197158926,-0.9721138265880134,-0.43893256174123346,-1.416404195961599,1.0168681723316564,-1.5869152860708151
0,0,-0.026679246155231505,-1.2643075685916398,0.7147849690581861,-0.43893256174123346,0.01660463147748173,-0.35057566067606183,-0.671691455523748
0,1,-0.4465248580550809,0.0654157255621263,-0.9541854335908074,-0.43893256174123346,-1.2861306661944099,-0.2651104211130795,-1.265350156419143
0,0,-1.3232605959283907,0.0654157255621263,-0.9346271866847645,-0.43893256174123346,-0.6347630173584641,-0.09417994198711468,-1.5720738185484304
0,0,-1.0210184697540348,0.0654157255621263,-0.9199585015052323,-0.43893256174123346,-1.1558571364272208,-1.2052280563058857,-1.5621795068668405
0,1,-0.1885679769523306,0.0654157255621263,-0.017019436009585474,1.0347209038044092,0.9285193398478059,0.7604724536427091,1.1389675822072067
0,1,-0.00652198534468519,1.3951390197158926,-0.9036599624168633,-0.43893256174123346,-1.0255836066600315,-0.2651104211130795,0.44636576449591253
0,0,1.2400048917552404,-1.2643075685916398,0.7115252612405123,1.0347209038044092,1.3193399291493733,1.5296596097095505,-0.7112687022501076
0,0,-0.08420802179413715,-1.2643075685916398,-0.32995138650627176,-0.43893256174123346,0.14687816124467087,-1.2052280563058857,0.10006485564026549
0,1,-0.19291241555112737,0.0654157255621263,-0.8857315694196572,-0.43893256174123346,-1.0255836066600315,0.7604724536427091,-0.06319128710596814
0,1,-0.8127657033730024,0.0654157255621263,-0.9118092319610478,-0.43893256174123346,-1.0255836066600315,0.8459376932056916,-1.2999802473047077
0,0,1.5761616676363326,0.0654157255621263,0.9869705718339497,-0.43893256174123346,1.5798869886837517,-0.8633670980539562,0.4018413619287579
0,0,0.649021099138273,-1.2643075685916398,0.8859196294860614,-0.43893256174123346,0.14687816124467087,2.042451047087445,0.26826815422729405
0,0,1.6463266867265771,-1.2643075685916398,0.822355327041422,-0.43893256174123346,0.6679722803134275,0.8459376932056916,-1.492919325095711
1,0,-1.2780410629860761,0.0654157255621263,-0.9411466023201122,-0.43893256174123346,-1.2861306661944099,-0.8633670980539562,-0.7557931048172623
0,0,-0.13344499258050058,1.3951390197158926,-0.6982983699034129,-0.43893256174123346,-0.2439424280568966,0.41861149539077963,-0.3748621050760505
0,0,0.02150665077658431,1.3951390197158926,0.4409695123735856,-0.43893256174123346,1.4496134589165623,-0.008714702424132305,0.7827723616699697
0,1,-0.6257679860505994,0.0654157255621263,-0.7683820879833999,-0.43893256174123346,-0.7650365471256532,-0.7779018584909737,1.0053943745057428
0,0,1.7333556018831189,-1.2643075685916398,0.39533360292615216,-0.43893256174123346,-0.11366889828970743,0.7604724536427091,1.0647602445952824
0,0,1.1839943339062369,0.0654157255621263,0.5550592859921691,-0.43893256174123346,1.1890663993821842,-0.8633670980539562,-0.5678011828670538
0,1,0.7555299163990971,-1.2643075685916398,1.9159872998709873,1.0347209038044092,0.27715169101186005,-1.8889499728097447,1.1983334522967461
0,0,0.249239319261899,0.0654157255621263,-0.013759728191911657,1.0347209038044092,0.6679722803134275,0.504076734953762,-1.730382805453869
0,1,1.592231419012527,-1.2643075685916398,0.19975113386572324,2.5083743693500518,1.3193399291493733,-1.8889499728097447,0.9361341927346134
0,0,-0.3727161162690712,0.0654157255621263,-0.1066614009956154,-0.43893256174123346,0.7982458100806167,-0.9488323376169385,1.0400244653913076
0,1,-0.054544381899126936,1.3951390197158926,-0.820537413066181,-0.43893256174123346,-0.8953100768928424,0.5895419745167444,-0.3056019233049211
0,0,1.8130970716481307,-1.2643075685916398,1.9176171537798241,2.5083743693500518,0.01660463147748173,-0.09417994198711468,-0.9784151176530353
0,0,-0.7195237738762458,0.0654157255621263,-0.031688121189117645,-0.43893256174123346,0.6679722803134275,-0.7779018584909737,0.6986707123764554
0,0,-0.9903271132012447,1.3951390197158926,-0.8873614233284942,-0.43893256174123346,-1.0255836066600315,0.16221577670183246,-0.0038254170164286334
0,0,-1.403048780086938,0.0654157255621263,-0.9411466023201122,-0.43893256174123346,-1.0255836066600315,-0.008714702424132305,-0.6271670529565934
0,0,0.1950973371543134,0.0654157255621263,0.01720749607598959,-0.43893256174123346,0.9285193398478059,1.3587291305835858,0.10006485564026549
0,1,-0.9060543472632944,0.0654157255621263,-0.8808420076931466,-0.43893256174123346,-0.7650365471256532,0.16221577670183246,-1.131776948717679
0,0,-1.5155370397202996,1.3951390197158926,-0.9574451414084812,-0.43893256174123346,-1.1558571364272208,-1.3761585354318504,-0.2759189882601513
0,1,-0.9791623731462723,0.0654157255621263,-0.9281077710494169,-0.43893256174123346,-1.2861306661944099,-0.606971379365009,0.391947050247168
0,1,2.336531851212839,-1.2643075685916398,0.7995373723177053,3.9820278348956943,1.5798869886837517,-1.2052280563058857,0.5947804397197612
0,0,0.9125837074652772,-1.2643075685916398,-0.07406432281887725,-0.43893256174123346,0.14687816124467087,0.3331462558277972,0.7036178682172504
0,1,1.291857868579589,-1.2643075685916398,2.411462888157407,-0.43893256174123346,0.14687816124467087,-1.2906932958688682,0.39689420608796294
0,0,0.11189900226767845,1.3951390197158926,-0.8580240529694299,-0.43893256174123346,-0.8953100768928424,1.3587291305835858,-1.6462811561603548
0,0,-0.026679246155231505,0.0654157255621263,-0.32995138650627176,-0.43893256174123346,0.27715169101186005,0.6750072140797267,-0.0038254170164286334
0,0,1.1876380566020017,1.3951390197158926,0.07914194461179208,-0.43893256174123346,1.058792869614995,1.1023334118946386,-1.5028136367773008
0,0,0.5159785063493137,0.0654157255621263,-0.28920503878534903,-0.43893256174123346,0.5376987505462384,1.4441943701465683,-0.4045450401208202
0,1,0.43810561232572,1.3951390197158926,0.01720749607598959,-0.43893256174123346,1.058792869614995,0.9314029327686739,0.6046747514013512
0,0,1.0041439187947576,-1.2643075685916398,0.1475958087829422,-0.43893256174123346,0.5376987505462384,-0.008714702424132305,-1.0625167669465496
0,0,-0.026679246155231505,0.0654157255621263,0.12314800015038858,-0.43893256174123346,0.5376987505462384,0.504076734953762,-0.15718724808107232
0,0,-0.48590509180546454,1.3951390197158926,-0.5450921024727435,-0.43893256174123346,0.14687816124467087,0.41861149539077963,-0.1720287156034572
0,0,0.5151843616592111,-1.2643075685916398,1.4009534646785242,1.0347209038044092,1.058792869614995,0.16221577670183246,0.5700446605157865
1,1,-1.9809058281204441,0.0654157255621263,-0.9509257257731336,-0.43893256174123346,-1.1558571364272208,-0.606971379365009,1.6633661013314722
0,0,-0.8497635030530781,2.7248623138696586,-0.8286866826103655,-0.43893256174123346,-0.7650365471256532,0.8459376932056916,0.015963206346751198
0,1,-0.7517567054157057,1.3951390197158926,-0.9215883554140692,1.0347209038044092,-1.1558571364272208,-0.35057566067606183,-1.5473380393444556
0,1,-0.7021927338745941,1.3951390197158926,-0.9395167484112752,-0.43893256174123346,-1.0255836066600315,0.3331462558277972,-0.08792706630994292
0,1,1.9109170117113612,-1.2643075685916398,2.3658269787099737,-0.43893256174123346,0.9285193398478059,-1.9744152123727272,1.3071708807942353
0,0,0.6143590191349697,0.0654157255621263,0.7001162838786539,-0.43893256174123346,0.27715169101186005,-0.606971379365009,-0.6271670529565934
0,0,1.5956882841341502,-1.2643075685916398,1.246117343339018,-0.43893256174123346,1.058792869614995,0.5895419745167444,0.4067885177695529
0,1,0.7660873693381086,0.0654157255621263,0.43119038892056416,-0.43893256174123346,1.3193399291493733,-0.43604090023904424,-0.24128889737458661
0,0,-0.4703959131516954,0.0654157255621263,-0.4032948124039326,-0.43893256174123346,-0.37421595782408573,-1.6325542541207976,0.5601503488341966
0,0,0.36700630536476636,1.3951390197158926,0.41000228810568434,-0.43893256174123346,0.01660463147748173,-0.606971379365009,1.3121180366350302
0,0,-1.307798131668157,0.0654157255621263,-0.8792121537843096,-0.43893256174123346,-1.1558571364272208,-0.5215061398020266,1.2626464782270805
0,0,-0.6262351299859539,0.0654157255621263,-0.9704839726791765,-0.43893256174123346,-1.416404195961599,-1.034297577179921,-0.24128889737458661
0,0,-0.759791581103803,2.7248623138696586,-0.6428833370029581,-0.43893256174123346,0.14687816124467087,-0.35057566067606183,1.5941059195603429
0,0,-0.10966736627095695,-1.2643075685916398,-0.8107582896131595,-0.43893256174123346,-0.8953100768928424,0.24768101626481484,-1.7105941820906891
0,0,0.34575125630613696,1.3951390197158926,-0.2142317589788513,-0.43893256174123346,0.14687816124467087,1.3587291305835858,-1.4236591433245815
0,0,0.6443963741782635,0.0654157255621263,-0.2386795676114049,1.0347209038044092,0.5376987505462384,-0.008714702424132305,-1.1861956629664236
0,0,-0.2620030035900567,0.0654157255621263,-0.32506182477976103,-0.43893256174123346,0.27715169101186005,-0.2651104211130795,1.0301301537097176
0,1,-0.8304237441294021,0.0654157255621263,-0.8515046373340822,-0.43893256174123346,-0.5044894875912749,-1.6325542541207976,-1.5127079484588908
0,0,0.42311029200084077,0.0654157255621263,0.6593699361577312,-0.43893256174123346,1.4496134589165623,1.4441943701465683,1.3566424392021847
0,0,0.8137360507442667,-1.2643075685916398,1.280344275424593,2.5083743693500518,0.7982458100806167,1.7005900888355154,0.6986707123764554
0,1,-0.09275675581112434,0.0654157255621263,-0.519014439931353,-0.43893256174123346,0.01660463147748173,0.9314029327686739,0.01101605050595624
0,1,0.3852249188435915,2.7248623138696586,-0.9721138265880134,-0.43893256174123346,-1.416404195961599,-0.7779018584909737,-0.31549623498651097
0,0,0.15987468442858474,0.0654157255621263,-0.7700119418922369,-0.43893256174123346,-0.7650365471256532,-0.6924366189279914,-0.48864668941433453
0,1,1.3250250879897578,-1.2643075685916398,1.0961707837260224,-0.43893256174123346,0.4074252207790492,1.187798651457621,-0.20171165064822696
0,1,-1.0010714237143978,2.7248623138696586,-0.9835228039498717,-0.43893256174123346,-1.416404195961599,0.9314029327686739,0.04564614139152095
0,0,0.8597030139831486,-1.2643075685916398,1.8198259192496096,-0.43893256174123346,1.5798869886837517,2.042451047087445,1.223069231500721
0,0,-1.3418529245554995,0.0654157255621263,-0.8026090200689749,-0.43893256174123346,-0.5044894875912749,-1.2906932958688682,-0.8844191566779311
0,1,1.0376381389596745,-1.2643075685916398,1.1092096149967177,-0.43893256174123346,0.6679722803134275,-0.5215061398020266,0.3474226476800134
0,0,4.918576525097721,0.0654157255621263,1.6144643267361591,-0.43893256174123346,2.882622286355643,-0.35057566067606183,-1.1565127279216538
0,0,-0.39569959788851217,2.7248623138696586,-0.8563941990605929,-0.43893256174123346,-0.7650365471256532,0.24768101626481484,-0.6222198971157984
0,1,0.49509717243896795,-1.2643075685916398,-0.13436891744584284,1.0347209038044092,0.4074252207790492,1.3587291305835858,-0.6469556763197731
0,1,0.017722784900212927,-1.2643075685916398,-0.5711697650141341,1.0347209038044092,-0.37421595782408573,0.8459376932056916,-0.24128889737458661
0,1,0.7006405039949443,-1.2643075685916398,0.9739317405632544,-0.43893256174123346,0.01660463147748173,-1.6325542541207976,-0.5678011828670538
0,0,-1.2081096158635087,1.3951390197158926,-0.8743225920577989,-0.43893256174123346,-0.7650365471256532,1.0168681723316564,-1.136724104558474
0,0,-0.8640581074749255,1.3951390197158926,-0.9346271866847645,-0.43893256174123346,-1.1558571364272208,0.3331462558277972,-1.4088176758021966
0,0,-1.0853909040458836,0.0654157255621263,-0.9069196702345371,-0.43893256174123346,-1.0255836066600315,-1.1197628167429032,-0.01371972869801855
0,0,-0.07033384691410875,1.3951390197158926,-0.7651223801657261,-0.43893256174123346,-0.8953100768928424,-0.09417994198711468,-1.4088176758021966
0,0,0.07401362911042918,1.3951390197158926,-0.8531344912429191,-0.43893256174123346,-0.8953100768928424,0.8459376932056916,-1.0080980526978052
0,1,0.005670471368067042,0.0654157255621263,-0.8107582896131595,1.0347209038044092,-1.0255836066600315,0.16221577670183246,-1.3247160265086824
0,0,1.3301636712786573,0.0654157255621263,1.9828113101333005,-0.43893256174123346,1.7101605184509407,-0.5215061398020266,1.4902156469036487
0,0,1.4894597532345388,-1.2643075685916398,1.1385469853557821,2.5083743693500518,1.3193399291493733,1.7860553283984977,1.0202358420281277
0,0,-0.6119405255641064,1.3951390197158926,-0.9313674788670907,-0.43893256174123346,-1.0255836066600315,-0.09417994198711468,-1.5671266627076355
0,0,-0.6384743010922415,2.7248623138696586,-0.9851526578587086,-0.43893256174123346,-1.416404195961599,0.8459376932056916,-1.725435649613074
0,0,1.2400048917552404,-1.2643075685916398,0.7115252612405123,1.0347209038044092,1.3193399291493733,1.5296596097095505,-0.7112687022501076
0,0,-0.014136431490963405,0.0654157255621263,-0.6982983699034129,-0.43893256174123346,-0.6347630173584641,-0.606971379365009,-1.5077607926180958
0,0,-1.6679193914329347,0.0654157255621263,-0.9264779171405799,-0.43893256174123346,-0.7650365471256532,-1.6325542541207976,-1.5028136367773008
0,0,0.6952216343448322,-1.2643075685916398,0.7066356995140015,-0.43893256174123346,1.1890663993821842,1.9569858075244626,-0.3946507284392303
0,0,-1.0032202858170285,0.0654157255621263,-0.8971405467815157,-0.43893256174123346,-1.1558571364272208,-1.2906932958688682,-0.9685208059714454
1,0,-1.1072999546140094,-1.2643075685916398,-0.9541854335908074,-0.43893256174123346,-1.1558571364272208,0.6750072140797267,-1.6809112470459193
0,0,-1.2464154185625769,0.0654157255621263,-0.9134390858698846,-0.43893256174123346,-1.2861306661944099,-1.2052280563058857,1.0746545562768721
0,1,-0.9179198032212984,0.0654157255621263,-0.9411466023201122,-0.43893256174123346,-1.0255836066600315,-0.09417994198711468,-1.1911428188072186
0,0,0.43600346461662476,0.0654157255621263,0.0025388108964574194,-0.43893256174123346,0.4074252207790492,0.24768101626481484,-0.11266284551391771
0,0,1.033106842786736,-1.2643075685916398,1.6763987752719618,-0.43893256174123346,1.1890663993821842,-0.606971379365009,0.5601503488341966
0,0,-0.28933092380829445,1.3951390197158926,-0.8889912772373311,-0.43893256174123346,-1.0255836066600315,0.41861149539077963,0.6788820890132756
1,0,-1.2645873176478666,0.0654157255621263,-0.8270568287015286,1.0347209038044092,-1.2861306661944099,-0.7779018584909737,1.5050571144260336
0,0,0.7016682206527242,-1.2643075685916398,1.140176839264619,-0.43893256174123346,1.7101605184509407,-1.71801949368378,0.26826815422729405
0,0,-0.6110529520869329,0.0654157255621263,-0.8824718616019834,-0.43893256174123346,-0.8953100768928424,-1.6325542541207976,0.2039551282969596
0,0,-0.03758705704575888,1.3951390197158926,-0.4929367773899625,-0.43893256174123346,0.14687816124467087,-0.35057566067606183,0.7036178682172504
0,0,-0.9622984770799751,1.3951390197158926,-0.9509257257731336,-0.43893256174123346,-1.1558571364272208,-0.6924366189279914,-0.8497890657923665
0,0,0.8272365104760115,-1.2643075685916398,0.38066491774662,-0.43893256174123346,1.058792869614995,-0.9488323376169385,-1.5176551042996858
0,0,1.3133464896058955,-1.2643075685916398,1.3650966786841123,1.0347209038044092,0.27715169101186005,1.2732638910206036,-0.3501263258720757
0,0,1.624043921010168,-1.2643075685916398,1.0929110759083487,-0.43893256174123346,0.27715169101186005,1.2732638910206036,0.861926855122689
0,1,-0.23817866288697762,1.3951390197158926,-0.5662802032876234,1.0347209038044092,0.01660463147748173,-0.35057566067606183,-1.3049274031455025
0,1,0.8029917402311134,0.0654157255621263,-0.1294793557193321,1.0347209038044092,0.5376987505462384,1.4441943701465683,-1.750171428817049
0,1,1.1197153284014587,-1.2643075685916398,1.4335505428552624,-0.43893256174123346,0.4074252207790492,0.07675053713885008,-0.7508459489764673
0,1,0.548445009856451,0.0654157255621263,0.7962776645000315,-0.43893256174123346,1.8404340482181298,-0.7779018584909737,-0.4738052218919496
0,0,2.345407585984574,-1.2643075685916398,0.8533225513093232,3.9820278348956943,1.4496134589165623,-0.6924366189279914,1.237910699023106
0,1,-0.528602047496865,1.3951390197158926,-0.942776456228949,-0.43893256174123346,-1.1558571364272208,0.3331462558277972,-0.03350835206119838
0,1,-1.544499963712278,-1.2643075685916398,-0.9395167484112752,1.0347209038044092,-1.416404195961599,-1.2906932958688682,1.1983334522967461
0,0,-1.0440019513734757,0.0654157255621263,-0.9166987936875585,1.0347209038044092,-1.2861306661944099,-1.6325542541207976,-0.7458987931356723
0,1,-0.15096289015629402,1.3951390197158926,-0.47174867657508274,-0.43893256174123346,0.27715169101186005,0.504076734953762,0.2880567775904739
0,0,-0.3344103135700029,0.0654157255621263,-0.8987704006903525,-0.43893256174123346,-1.1558571364272208,0.24768101626481484,-1.6462811561603548
0,1,0.586003382258952,0.0654157255621263,1.9518440858653991,1.0347209038044092,1.8404340482181298,1.2732638910206036,1.5001099585852387
0,0,-0.2735414587933126,0.0654157255621263,-0.5124950242960055,-0.43893256174123346,0.01660463147748173,1.1023334118946386,0.500784478744657
0,0,1.2154798351491296,-1.2643075685916398,0.6772983291549372,-0.43893256174123346,0.6679722803134275,1.2732638910206036,-1.240614377215168
0,0,-0.3538902156742852,1.3951390197158926,-0.5744294728318079,-0.43893256174123346,0.5376987505462384,0.07675053713885008,1.3764310625653646
0,0,-0.2774187534567549,1.3951390197158926,-0.1066614009956154,-0.43893256174123346,1.4496134589165623,-0.43604090023904424,0.8421382317595092
0,0,0.887498078136741,-1.2643075685916398,1.2200396807976275,-0.43893256174123346,0.27715169101186005,-1.3761585354318504,0.3325811801576285
0,0,-0.49095024630729306,0.0654157255621263,-0.20934219725234057,-0.43893256174123346,0.6679722803134275,-0.6924366189279914,-1.3098745589862975
0,1,0.01132291298585639,2.7248623138696586,-0.977003388314524,-0.43893256174123346,-1.416404195961599,-0.7779018584909737,-1.5127079484588908
0,0,1.4872641767383727,-1.2643075685916398,1.6177240345538328,2.5083743693500518,1.3193399291493733,1.7860553283984977,-0.6321142087973883
0,1,-0.34576191119911703,0.0654157255621263,-0.5402025407462329,-0.43893256174123346,-0.37421595782408573,1.2732638910206036,-0.2561303648969715
0,0,0.8200892082650878,0.0654157255621263,0.8614718208535078,-0.43893256174123346,1.7101605184509407,-0.9488323376169385,1.1785448289335663
0,0,-0.3152574122204687,0.0654157255621263,-0.7732716497099107,-0.43893256174123346,-1.0255836066600315,-1.6325542541207976,-1.3593461173942472
0,0,0.9579900979817337,-1.2643075685916398,0.7832388332293362,-0.43893256174123346,0.14687816124467087,-0.008714702424132305,-0.6271670529565934
0,0,1.1991297974117223,1.3951390197158926,0.1899720104127018,-0.43893256174123346,0.9285193398478059,-0.09417994198711468,-1.374187584916632
0,0,-0.991308115465489,0.0654157255621263,-0.7048177855387605,-0.43893256174123346,-0.2439424280568966,-0.9488323376169385,0.9212927252122285
0,1,0.5575076022023281,0.0654157255621263,1.0309766273725463,-0.43893256174123346,2.2312546375196973,0.5895419745167444,1.5100042702668286
0,0,-0.46441647077915793,0.0654157255621263,-0.6950386620857391,-0.43893256174123346,-0.37421595782408573,-0.7779018584909737,0.5255202579486319
0,0,-0.02726317607442462,0.0654157255621263,-0.08384344627189869,-0.43893256174123346,0.14687816124467087,-0.606971379365009,1.2774879457494654
0,1,-0.01941515796046916,0.0654157255621263,0.7930179566823576,-0.43893256174123346,0.4074252207790492,1.4441943701465683,1.0548659329136925
0,0,1.306946617691539,-1.2643075685916398,1.8785006599677383,-0.43893256174123346,0.27715169101186005,-0.2651104211130795,1.6633661013314722
0,0,-0.8236968714602975,0.0654157255621263,-0.9721138265880134,-0.43893256174123346,-1.416404195961599,-1.4616237749948329,-1.0921997019913194
0,1,-0.6952322892378122,1.3951390197158926,-0.3169125552355765,-0.43893256174123346,1.058792869614995,0.24768101626481484,0.5552031929934016
0,1,1.4024775524715325,0.0654157255621263,1.651950966639408,1.0347209038044092,-0.11366889828970743,0.5895419745167444,0.9212927252122285
0,0,-0.6242264110639295,0.0654157255621263,-0.9672242648615027,-0.43893256174123346,-1.416404195961599,-0.17964518155009707,0.278162465908884
0,1,-1.7246773795785055,-1.2643075685916398,-0.9639645570438289,-0.43893256174123346,-1.2861306661944099,1.5296596097095505,-1.384081896598222
0,0,0.5041597647848451,0.0654157255621263,0.8451732817651387,-0.43893256174123346,1.8404340482181298,0.3331462558277972,0.5403617254710168
0,0,-1.389314748387516,0.0654157255621263,-0.8955106928726787,-0.43893256174123346,-0.8953100768928424,-0.5215061398020266,-0.7508459489764673
0,0,-1.32162559215465,0.0654157255621263,-0.9672242648615027,-0.43893256174123346,-1.2861306661944099,-1.1197628167429032,-0.7261101697724925
0,1,1.299051885184048,0.0654157255621263,-0.05124636809516053,-0.43893256174123346,0.5376987505462384,0.9314029327686739,-0.4243336634840001
0,1,-2.076576906081044,0.0654157255621263,-0.9036599624168633,-0.43893256174123346,-0.5044894875912749,-0.35057566067606183,-0.8349475982699816
0,1,1.0044709195495056,-1.2643075685916398,2.4359106967899606,1.0347209038044092,0.9285193398478059,0.07675053713885008,-0.5430654036630791
0,0,0.6076788608594005,0.0654157255621263,0.5599488477186798,-0.43893256174123346,0.14687816124467087,0.9314029327686739,0.985605751142563
0,1,-1.36165982741453,0.0654157255621263,-0.9607048492261551,-0.43893256174123346,-1.2861306661944099,-0.17964518155009707,-0.1027685338323278
0,0,1.0153086588497298,-1.2643075685916398,1.9811814562244636,1.0347209038044092,0.9285193398478059,-1.8034847332467623,-0.6964272347277227
0,0,0.42610001318710955,0.0654157255621263,0.7457521933260873,-0.43893256174123346,2.1009811077525082,0.9314029327686739,1.6188416987643175
0,0,-0.9467425840326705,1.3951390197158926,-0.977003388314524,-0.43893256174123346,-1.1558571364272208,0.41861149539077963,-1.6314396886379698
0,0,1.3164763539727706,0.0654157255621263,1.919247007688661,3.9820278348956943,0.14687816124467087,-0.2651104211130795,0.2534266867049092
0,0,1.0779059461872318,0.0654157255621263,1.457998351487816,-0.43893256174123346,0.7982458100806167,1.3587291305835858,0.9015041018490487
0,0,0.7284355681485365,-1.2643075685916398,2.642902143212248,-0.43893256174123346,0.6679722803134275,-1.6325542541207976,1.5495815169931881
0,0,0.617722455469522,0.0654157255621263,1.7350735159900905,-0.43893256174123346,1.3193399291493733,-0.008714702424132305,1.2576993223862856
0,1,-0.9713143550323168,0.0654157255621263,-0.8922509850550049,-0.43893256174123346,-1.0255836066600315,-0.5215061398020266,-0.3352848583496908
0,1,-1.0283993439326358,0.0654157255621263,-0.9655944109526657,-0.43893256174123346,-1.1558571364272208,-1.3761585354318504,-0.5381182478222841
0,1,2.370259643345433,-1.2643075685916398,0.5795070946247227,5.455681300441337,1.8404340482181298,-0.43604090023904424,0.4760486995406823
0,0,-1.1894705728428645,-1.2643075685916398,-0.660811730000164,-0.43893256174123346,-0.5044894875912749,0.9314029327686739,1.440744088495699
0,0,1.10943816182366,1.3951390197158926,0.8712509443065292,-0.43893256174123346,1.4496134589165623,0.16221577670183246,1.559475828674778
0,1,-0.983506811745069,0.0654157255621263,-0.9509257257731336,-0.43893256174123346,-1.1558571364272208,-0.43604090023904424,1.336853815839005
0,0,0.5320482577255082,0.0654157255621263,0.7946478105911946,1.0347209038044092,0.5376987505462384,0.6750072140797267,1.3220123483166202
0,1,-0.2785866132951411,0.0654157255621263,-0.47337853048391965,-0.43893256174123346,0.14687816124467087,0.41861149539077963,1.2923294132718504
0,1,-1.553328984090478,1.3951390197158926,-0.9264779171405799,-0.43893256174123346,-0.6347630173584641,0.41861149539077963,0.17921934909298481
0,1,-0.5239306081433202,2.7248623138696586,-0.977003388314524,-0.43893256174123346,-1.416404195961599,1.0168681723316564,-0.7458987931356723
0,1,-1.7128119236205015,0.0654157255621263,-0.9525555796819705,1.0347209038044092,-1.1558571364272208,-0.8633670980539562,1.3516952833613898
0,1,0.8278437975919724,1.3951390197158926,0.39044404119964143,-0.43893256174123346,1.3193399291493733,0.07675053713885008,0.24353237502331926
0,0,-0.3640739534650131,0.0654157255621263,-0.5385726868373959,-0.43893256174123346,0.01660463147748173,-0.09417994198711468,-1.6908055587275093
0,0,-0.6650080766203766,0.0654157255621263,-0.9590749953173181,-0.43893256174123346,-1.416404195961599,-0.7779018584909737,1.1340204263664118
0,0,-0.3819655661890901,1.3951390197158926,-0.554871225925765,-0.43893256174123346,0.27715169101186005,1.4441943701465683,0.7778252058291747
0,0,-0.6434260268069991,1.3951390197158926,-0.854764345151756,-0.43893256174123346,-0.5044894875912749,0.24768101626481484,0.5848861280381714
0,0,1.316009210037416,-1.2643075685916398,1.6291330119156913,1.0347209038044092,0.5376987505462384,0.504076734953762,-1.735329961294664
0,0,-0.6472566070769059,1.3951390197158926,-0.7064476394475975,1.0347209038044092,-0.5044894875912749,-0.09417994198711468,1.3269595041574151
0,0,0.9804130068787493,-1.2643075685916398,0.6153638806191347,-0.43893256174123346,-0.2439424280568966,-0.09417994198711468,0.10501201148106044
0,0,-1.3959481922695498,0.0654157255621263,-0.8857315694196572,-0.43893256174123346,-0.8953100768928424,-0.09417994198711468,-0.4243336634840001
0,1,0.8088310394230446,-1.2643075685916398,1.6959570221780047,-0.43893256174123346,-0.11366889828970743,1.3587291305835858,1.440744088495699
0,1,-0.9419777158920547,0.0654157255621263,-0.9199585015052323,-0.43893256174123346,-0.6347630173584641,-1.2052280563058857,-1.250508688896758
0,0,0.4649196742150678,0.0654157255621263,-0.6216952361880782,-0.43893256174123346,-0.37421595782408573,-0.5215061398020266,-1.0328338319017798
0,0,-1.0575024111052205,1.3951390197158926,-0.9248480632317431,-0.43893256174123346,-0.6347630173584641,0.7604724536427091,-1.3346103381902723
0,1,-0.8677018301706906,1.3951390197158926,-0.8498747834252453,-0.43893256174123346,-0.7650365471256532,0.504076734953762,0.7629837383067899
0,0,0.6708367209193277,0.0654157255621263,0.23071835813362448,-0.43893256174123346,1.058792869614995,0.504076734953762,-0.3352848583496908
0,1,0.40928283151434786,-1.2643075685916398,0.5697279711717013,-0.43893256174123346,1.058792869614995,1.1023334118946386,0.861926855122689
0,0,1.2112755397309392,-1.2643075685916398,0.5990653415307656,-0.43893256174123346,-0.37421595782408573,-1.034297577179921,-1.4533420783693514
0,1,0.8368596755443141,-1.2643075685916398,0.34480813175220804,1.0347209038044092,0.27715169101186005,-1.4616237749948329,0.49089016706306715
0,1,0.5553587400996973,0.0654157255621263,0.49638454527404047,-0.43893256174123346,0.9285193398478059,0.07675053713885008,0.39689420608796294
1,0,-1.2833665038491173,0.0654157255621263,-0.8335762443368763,-0.43893256174123346,-0.6347630173584641,-1.034297577179921,0.738247959102815
0,0,-0.02726317607442462,0.0654157255621263,-0.08384344627189869,-0.43893256174123346,0.14687816124467087,-0.606971379365009,1.2774879457494654
0,0,-0.6629993576983523,-1.2643075685916398,-0.26312737624395854,-0.43893256174123346,-0.2439424280568966,1.9569858075244626,1.5495815169931881
0,0,0.6393979340699705,0.0654157255621263,-0.24519898324675254,-0.43893256174123346,0.01660463147748173,-0.43604090023904424,-1.1565127279216538
0,0,-0.3565996504993412,1.3951390197158926,-0.944406310137786,-0.43893256174123346,-1.0255836066600315,-0.5215061398020266,-1.389029052439017
0,0,-0.9960262692125694,0.0654157255621263,-0.8922509850550049,-0.43893256174123346,-1.0255836066600315,-0.43604090023904424,-0.008772572857223592
0,0,1.0896312589646295,-1.2643075685916398,0.6349221275251776,-0.43893256174123346,1.058792869614995,1.4441943701465683,0.8025609850331495
0,0,-0.04926565542962118,1.3951390197158926,0.29917222230477464,-0.43893256174123346,2.3615281672868864,1.1023334118946386,0.9064512576898437
0,1,1.3076940479881063,-1.2643075685916398,1.4449595202171208,-0.43893256174123346,0.9285193398478059,0.24768101626481484,-1.5127079484588908
0,1,-0.7724978961454452,-1.2643075685916398,-0.3674380264095206,-0.43893256174123346,0.14687816124467087,1.7005900888355154,0.1346949465258302
0,0,-0.9127345055388636,-1.2643075685916398,-0.9346271866847645,1.0347209038044092,-1.2861306661944099,-1.2906932958688682,0.030804673869136073
0,0,-0.6349240071835474,0.0654157255621263,-0.7618626723480523,-0.43893256174123346,-0.6347630173584641,-0.008714702424132305,-0.8398947541107765
0,0,1.426862465897037,-1.2643075685916398,2.4408002585164716,1.0347209038044092,0.5376987505462384,-0.9488323376169385,1.2478050107046956
0,0,-1.650261350676535,1.3951390197158926,-0.8612837607871037,-0.43893256174123346,-0.7650365471256532,-0.17964518155009707,-0.9338907150858807
0,0,-1.0408253726130652,1.3951390197158926,-0.9704839726791765,-0.43893256174123346,-1.416404195961599,0.3331462558277972,0.5947804397197612
0,0,0.18678217510500345,0.0654157255621263,1.2135202651622798,2.5083743693500518,1.058792869614995,1.4441943701465683,1.589158763719548
0,1,-0.7738058991644378,0.0654157255621263,-0.9509257257731336,-0.43893256174123346,-1.2861306661944099,-1.6325542541207976,0.6195162189237361
0,0,-0.44689857320336446,0.0654157255621263,-0.8482449295164084,-0.43893256174123346,-1.0255836066600315,-1.4616237749948329,0.8817154784858688
0,1,0.7789338275603571,-1.2643075685916398,0.34969769347871876,-0.43893256174123346,-0.37421595782408573,-1.1197628167429032,0.8866626343266638
0,1,0.27838910082801926,0.0654157255621263,0.4882352757298559,1.0347209038044092,1.7101605184509407,0.3331462558277972,-1.2356672213743731
0,1,-0.7804393430464716,1.3951390197158926,-0.9036599624168633,-0.43893256174123346,-0.5044894875912749,0.9314029327686739,-1.384081896598222
0,0,0.3208524845517426,0.0654157255621263,0.2127899651364185,-0.43893256174123346,0.7982458100806167,1.1023334118946386,-0.46391091021035974
0,0,-0.26046142860338684,0.0654157255621263,-0.8563941990605929,-0.43893256174123346,-1.0255836066600315,-0.7779018584909737,-1.1565127279216538
0,1,-0.5701778577434148,0.0654157255621263,-0.5483518102904174,-0.43893256174123346,-0.2439424280568966,-1.6325542541207976,-1.369240429075837
0,0,-1.3069105581909837,0.0654157255621263,-0.8987704006903525,-0.43893256174123346,-0.6347630173584641,-1.2906932958688682,-0.8398947541107765
0,0,1.354595299097697,-1.2643075685916398,1.0896513680906748,1.0347209038044092,1.058792869614995,0.6750072140797267,0.515625946267042
0,1,-1.1638710851854384,-1.2643075685916398,-0.8400956599722239,-0.43893256174123346,-1.0255836066600315,0.24768101626481484,1.460532711858879
0,1,1.1914219224783733,-1.2643075685916398,0.8321344504944435,1.0347209038044092,0.4074252207790492,1.8715205679614801,-1.1763013512848337
0,0,0.5674577680253787,0.0654157255621263,-0.11481067053979993,1.0347209038044092,0.4074252207790492,0.41861149539077963,-0.3056019233049211
0,0,-0.4336316854392969,-1.2643075685916398,-0.5858384501936662,-0.43893256174123346,-0.5044894875912749,-1.9744152123727272,0.36721127104319323
0,1,-1.8396882164627812,0.0654157255621263,-0.9346271866847645,-0.43893256174123346,-0.5044894875912749,-0.606971379365009,-0.9487321826082656
0,0,-1.3724041379276835,2.7248623138696586,-0.9411466023201122,-0.43893256174123346,-1.0255836066600315,0.16221577670183246,-0.5430654036630791
0,0,-0.026679246155231505,-1.2643075685916398,1.6698793596366142,2.5083743693500518,1.1890663993821842,-1.71801949368378,0.18416650493377976
0,1,0.8847886433116849,-1.2643075685916398,1.5068939687529233,-0.43893256174123346,1.058792869614995,-0.606971379365009,0.7629837383067899
0,0,0.10489184323736107,1.3951390197158926,-0.6200653822792414,-0.43893256174123346,0.14687816124467087,0.24768101626481484,-0.7904231957028269
0,0,-1.0797384624280943,1.3951390197158926,-0.9525555796819705,-0.43893256174123346,-1.0255836066600315,1.1023334118946386,-1.2059842863296035
0,0,-0.543363795854067,1.3951390197158926,-0.8286866826103655,-0.43893256174123346,-0.8953100768928424,-0.2651104211130795,-0.09287422215073787
0,1,0.6797124556910631,0.0654157255621263,-0.25008854497326327,-0.43893256174123346,0.01660463147748173,-1.3761585354318504,1.6336831662867024
0,0,-0.9865899617184087,1.3951390197158926,-0.9558152874996443,-0.43893256174123346,-1.1558571364272208,1.5296596097095505,-0.02856119622040342
0,1,-0.026679246155231505,2.7248623138696586,0.7131551151493492,2.5083743693500518,0.7982458100806167,-0.09417994198711468,-0.21655311817061182
0,0,0.5999242715325159,0.0654157255621263,0.11825843842387787,-0.43893256174123346,0.7982458100806167,-0.17964518155009707,0.861926855122689
0,0,-0.8189787177132171,0.0654157255621263,-0.9492958718642966,-0.43893256174123346,-1.416404195961599,-0.43604090023904424,0.04564614139152095
0,1,-0.2301905015924158,1.3951390197158926,-0.9721138265880134,-0.43893256174123346,-1.416404195961599,0.3331462558277972,-1.0575696111057546
0,1,0.5779685065708547,0.0654157255621263,1.2330785120683228,-0.43893256174123346,1.058792869614995,0.6750072140797267,0.7580365824659949
0,1,-0.5366836375784978,0.0654157255621263,-0.003980604738890212,-0.43893256174123346,1.1890663993821842,1.3587291305835858,0.8916097901674588
0,0,0.4780931331920645,-1.2643075685916398,1.086391660273001,-0.43893256174123346,0.4074252207790492,1.0168681723316564,0.025857518028341114
0,1,-1.7332728279890282,0.0654157255621263,-0.8971405467815157,-0.43893256174123346,-0.7650365471256532,-0.606971379365009,0.040698985550725986
0,0,-1.153734061788246,0.0654157255621263,-0.9460361640466228,-0.43893256174123346,-1.2861306661944099,-1.2906932958688682,-0.5925369620710287
0,0,0.11582301132465618,2.7248623138696586,-0.942776456228949,-0.43893256174123346,-1.2861306661944099,1.615124849272533,0.3078454009536537
0,1,-1.0255497659269732,0.0654157255621263,-0.7357850098066617,-0.43893256174123346,-0.37421595782408573,-1.4616237749948329,0.7283536474212251
0,1,-1.3024259764115804,0.0654157255621263,-0.9623347031349919,-0.43893256174123346,-1.416404195961599,-1.2052280563058857,0.42162998529193774
0,1,-0.838832334965783,-1.2643075685916398,-0.8759524459666358,-0.43893256174123346,-1.1558571364272208,-1.71801949368378,-0.31054907914571606
0,0,0.6718177231835721,0.0654157255621263,0.8875494833948983,-0.43893256174123346,0.5376987505462384,1.1023334118946386,0.4859430112222722
0,0,-0.7836159218068821,0.0654157255621263,-0.908549524143374,1.0347209038044092,-1.2861306661944099,-0.17964518155009707,0.8965569460082538
0,0,-1.3987510558816767,0.0654157255621263,-0.9460361640466228,-0.43893256174123346,-1.0255836066600315,-1.2052280563058857,0.050593297232315905
0,1,0.4788872778821671,1.3951390197158926,0.7082655534228385,-0.43893256174123346,0.9285193398478059,0.7604724536427091,1.4902156469036487
0,1,1.1090177322818409,-1.2643075685916398,1.3047920840571468,3.9820278348956943,0.9285193398478059,0.07675053713885008,1.0697074004360771
0,0,-0.9939708358970096,0.0654157255621263,-0.8889912772373311,-0.43893256174123346,-1.2861306661944099,-0.2651104211130795,1.1884391406151562
0,0,1.4504999490259742,-1.2643075685916398,1.7481123472607858,1.0347209038044092,0.9285193398478059,0.3331462558277972,0.6393048422869159
0,1,0.7802418305793497,-1.2643075685916398,1.4319206889464255,-0.43893256174123346,0.7982458100806167,-1.6325542541207976,1.6534717896498823
0,1,-0.4924451069004274,-1.2643075685916398,-0.7651223801657261,-0.43893256174123346,-0.8953100768928424,-1.4616237749948329,-0.7409516372948773
0,0,0.15226023828230653,0.0654157255621263,0.9217764154804734,2.5083743693500518,0.6679722803134275,-0.008714702424132305,1.1340204263664118
0,0,0.3428549639069391,0.0654157255621263,-0.17022570344025478,-0.43893256174123346,0.4074252207790492,1.615124849272533,0.1346949465258302
1,0,-1.15677049736805,0.0654157255621263,-0.977003388314524,1.0347209038044092,-1.416404195961599,-0.35057566067606183,-0.17697587144425217
0,1,1.4327484794825036,-1.2643075685916398,0.558318993809843,-0.43893256174123346,0.14687816124467087,1.4441943701465683,-0.6073784295934135
0,0,-0.3574872239765148,1.3951390197158926,-0.9362570405936014,-0.43893256174123346,-1.1558571364272208,0.3331462558277972,0.0852233881178806
0,1,1.5360807179829172,-1.2643075685916398,0.8076866418618898,-0.43893256174123346,0.01660463147748173,-0.09417994198711468,-1.6858584028867143
0,1,-1.0081252971382508,1.3951390197158926,-0.9264779171405799,-0.43893256174123346,-0.8953100768928424,-0.17964518155009707,0.975711439460973
0,0,-0.876904565697174,0.0654157255621263,-0.978633242223361,1.0347209038044092,-1.416404195961599,-0.606971379365009,-0.8745248449963412
0,0,0.8950658098894837,0.0654157255621263,0.3203603231196544,-0.43893256174123346,1.4496134589165623,1.0168681723316564,-0.7904231957028269
0,0,0.9342591860657256,0.0654157255621263,1.2575263207008764,2.5083743693500518,0.9285193398478059,-1.4616237749948329,0.8965569460082538
0,1,0.8318145210424855,-1.2643075685916398,0.6447012509781991,-0.43893256174123346,0.4074252207790492,0.24768101626481484,-0.5430654036630791
0,0,0.9411262019154366,-1.2643075685916398,1.1255081540850869,-0.43893256174123346,0.4074252207790492,-0.43604090023904424,1.2675936340678755
0,1,0.3759287545300371,0.0654157255621263,1.0766125368199795,-0.43893256174123346,1.1890663993821842,-0.606971379365009,0.990552906983358
0,1,-0.6217505482065507,1.3951390197158926,-0.9264779171405799,-0.43893256174123346,-1.0255836066600315,-0.7779018584909737,-0.7013743905685177
0,0,-0.05678667278882849,0.0654157255621263,-0.8433553677898977,1.0347209038044092,-1.0255836066600315,1.187798651457621,0.2979510892720638
0,0,0.771225952627008,-1.2643075685916398,1.6454315510040605,-0.43893256174123346,0.01660463147748173,-0.008714702424132305,1.0400244653913076
0,0,0.6129108729353707,-1.2643075685916398,0.574617532898212,-0.43893256174123346,-0.11366889828970743,2.2133815262134098,-0.20171165064822696
0,0,-0.24626025296861032,1.3951390197158926,-0.3185424091444134,-0.43893256174123346,0.14687816124467087,1.7860553283984977,-0.4441222868471799
0,0,1.2456573333730296,-1.2643075685916398,2.584227402494119,1.0347209038044092,0.9285193398478059,1.0168681723316564,1.4110611534509294
0,1,0.4780931331920645,0.0654157255621263,0.03187618125552176,-0.43893256174123346,0.7982458100806167,-0.008714702424132305,-1.260403000578348
0,0,-1.0982840766616677,1.3951390197158926,-0.9069196702345371,-0.43893256174123346,-0.6347630173584641,-0.7779018584909737,-1.131776948717679
0,0,-0.6650080766203766,0.0654157255621263,-0.9590749953173181,-0.43893256174123346,-1.416404195961599,-0.7779018584909737,1.1340204263664118
0,0,-0.022124592785525213,1.3951390197158926,-0.20282278161699294,-0.43893256174123346,0.9285193398478059,0.16221577670183246,0.9608699719385881
0,1,0.1331540513263078,0.0654157255621263,0.12640770796806242,-0.43893256174123346,0.5376987505462384,-0.008714702424132305,1.5990530754011378
0,0,1.2882608602773593,-1.2643075685916398,1.334129454416211,-0.43893256174123346,1.4496134589165623,0.7604724536427091,0.26826815422729405
0,1,-0.9500593059736875,0.0654157255621263,-0.9297376249582537,-0.43893256174123346,-1.0255836066600315,-0.606971379365009,0.5749918163565815
0,0,0.9376693367938134,-1.2643075685916398,2.173504217467219,-0.43893256174123346,0.14687816124467087,0.5895419745167444,1.1637033614111814
0,1,0.03089624387720959,0.0654157255621263,0.6137340267102978,-0.43893256174123346,0.14687816124467087,-0.5215061398020266,1.094443179640052
0,0,-0.7599784386779448,0.0654157255621263,-0.9655944109526657,-0.43893256174123346,-1.2861306661944099,-1.2906932958688682,-1.4137648316429916
0,0,-0.1763288058460429,1.3951390197158926,-0.5842085962848294,-0.43893256174123346,0.14687816124467087,-0.5215061398020266,1.2626464782270805
0,1,-1.046617957411461,0.0654157255621263,-0.9541854335908074,1.0347209038044092,-1.2861306661944099,-0.09417994198711468,-0.24623605321538158
0,1,0.5539105939000984,0.0654157255621263,1.2363382198859965,1.0347209038044092,1.058792869614995,0.24768101626481484,1.1933862964559512
0,1,-0.6247869837863549,1.3951390197158926,-0.8857315694196572,-0.43893256174123346,-0.7650365471256532,-0.2651104211130795,0.09017054395867558
0,1,-0.27349474439977717,1.3951390197158926,-0.8091284357043226,-0.43893256174123346,-0.5044894875912749,-0.5215061398020266,1.6138945429235225
0,1,-1.3718902795987935,-1.2643075685916398,-0.854764345151756,1.0347209038044092,-1.2861306661944099,-0.09417994198711468,0.5650975046749915
0,1,-1.0124697357370476,0.0654157255621263,-0.944406310137786,-0.43893256174123346,-1.2861306661944099,-1.71801949368378,0.9509756602569983
0,0,0.6761154473888334,0.0654157255621263,1.2526367589743657,-0.43893256174123346,0.6679722803134275,0.6750072140797267,-0.41443935180241015
0,1,-0.9871038200472986,0.0654157255621263,-0.9378868945024383,-0.43893256174123346,-1.2861306661944099,-0.008714702424132305,0.12974779068503522
0,0,-0.8582188082829943,1.3951390197158926,-0.977003388314524,-0.43893256174123346,-1.416404195961599,-0.008714702424132305,0.9064512576898437
0,0,-1.4933009883974258,0.0654157255621263,-0.9721138265880134,-0.43893256174123346,-1.416404195961599,-1.3761585354318504,-0.6271670529565934
0,1,-1.1459794724613612,-1.2643075685916398,-0.414703789765791,-0.43893256174123346,-0.11366889828970743,1.2732638910206036,1.0400244653913076
0,0,-0.759791581103803,2.7248623138696586,-0.6428833370029581,-0.43893256174123346,0.14687816124467087,-0.35057566067606183,1.5941059195603429
0,1,-0.7385365320451737,0.0654157255621263,-0.9737436804968503,-0.43893256174123346,-1.416404195961599,-1.034297577179921,-1.2999802473047077
0,1,-1.948345895826236,0.0654157255621263,-0.9346271866847645,-0.43893256174123346,-0.8953100768928424,-0.17964518155009707,0.278162465908884
0,0,-0.3810779927119166,0.0654157255621263,-0.20119292770815606,1.0347209038044092,0.27715169101186005,0.07675053713885008,-0.48369953357353956
0,0,0.5338701190733908,0.0654157255621263,0.6055847571661133,-0.43893256174123346,1.4496134589165623,0.7604724536427091,1.3764310625653646
0,0,-0.6133419573701698,0.0654157255621263,-0.8286866826103655,-0.43893256174123346,-1.0255836066600315,1.7005900888355154,1.554528672833983
0,1,1.4813781631529062,1.3951390197158926,0.9185167076627996,-0.43893256174123346,0.5376987505462384,0.07675053713885008,0.3127925567944487
0,0,1.7913748786541468,-1.2643075685916398,1.6633599440012663,1.0347209038044092,0.5376987505462384,-0.8633670980539562,-0.8745248449963412
0,0,0.4926680239751246,0.0654157255621263,-0.6640714378178378,-0.43893256174123346,-0.37421595782408573,-0.8633670980539562,-0.7508459489764673
0,1,1.0436175813322122,-1.2643075685916398,0.8353941583121173,-0.43893256174123346,0.14687816124467087,-2.0598804519357095,-1.4731307017325312
0,0,-0.04394021456657997,-1.2643075685916398,-0.6754804151796961,-0.43893256174123346,-0.6347630173584641,1.9569858075244626,0.41173567361034785
0,0,0.8793697736615728,0.0654157255621263,0.26657514412803646,-0.43893256174123346,1.058792869614995,0.07675053713885008,-1.136724104558474
0,0,0.7815031192048068,-1.2643075685916398,1.7122555612663737,-0.43893256174123346,1.1890663993821842,-1.8889499728097447,-0.43422797516559
0,0,-0.3797232752993886,1.3951390197158926,-0.6868893925415546,-0.43893256174123346,-0.37421595782408573,-0.17964518155009707,1.4753741793812638
0,0,-1.7101024887954455,0.0654157255621263,-0.9264779171405799,-0.43893256174123346,-1.1558571364272208,-1.2906932958688682,1.5495815169931881
0,1,-1.3318560443389134,0.0654157255621263,-0.9574451414084812,-0.43893256174123346,-1.2861306661944099,-1.5470890145578151,0.980658595301768
0,0,-1.7488754354298681,0.0654157255621263,-0.8971405467815157,-0.43893256174123346,-0.5044894875912749,-0.9488323376169385,1.2032806081375411
0,1,-0.9603364725514862,1.3951390197158926,-0.9134390858698846,-0.43893256174123346,-0.6347630173584641,1.1023334118946386,0.5403617254710168
0,0,1.0895378301775587,-1.2643075685916398,0.8451732817651387,-0.43893256174123346,1.058792869614995,0.3331462558277972,1.4160083092917244
0,1,-0.4475058603193253,1.3951390197158926,-0.7471939871685201,-0.43893256174123346,-0.2439424280568966,-0.43604090023904424,-0.17697587144425217
0,0,-1.0018188540109652,-1.2643075685916398,-0.41633364367462783,-0.43893256174123346,-0.5044894875912749,0.7604724536427091,0.5997275955605562
0,1,0.1666949858847603,2.7248623138696586,-0.2777960614234907,1.0347209038044092,1.1890663993821842,1.187798651457621,-0.5133824686183093
0,0,-0.18436368153414015,1.3951390197158926,-0.9362570405936014,-0.43893256174123346,-1.2861306661944099,0.3331462558277972,-1.6512283120011497
0,1,-1.1556960663167346,0.0654157255621263,-0.8889912772373311,-0.43893256174123346,-0.7650365471256532,-0.2651104211130795,1.554528672833983
0,1,0.6472459521839259,1.3951390197158926,-0.5516115181080912,-0.43893256174123346,-0.11366889828970743,-0.17964518155009707,-1.6017567535932
0,0,-1.009106299402495,0.0654157255621263,-0.9297376249582537,-0.43893256174123346,-1.1558571364272208,-0.43604090023904424,0.1693250374113949
0,0,-0.07080099084946324,1.3951390197158926,-0.21097205116117748,-0.43893256174123346,0.5376987505462384,0.504076734953762,1.3170651924758252
0,1,-1.3237277398637453,0.0654157255621263,-0.8824718616019834,-0.43893256174123346,-0.8953100768928424,-1.1197628167429032,1.1637033614111814
0,0,0.08900894943530835,0.0654157255621263,0.3366588622080235,-0.43893256174123346,0.27715169101186005,-0.606971379365009,1.2032806081375411
0,0,0.677937308736716,0.0654157255621263,1.4302908350375885,1.0347209038044092,2.622075226821265,1.187798651457621,0.505731634585452
0,1,-0.2349553697330316,0.0654157255621263,-0.3641783185918468,-0.43893256174123346,0.14687816124467087,-1.5470890145578151,1.5941059195603429
0,0,1.080008093896327,0.0654157255621263,0.7082655534228385,-0.43893256174123346,0.5376987505462384,0.5895419745167444,0.8322439200779193
0,0,1.117052607969938,-1.2643075685916398,1.2738248597892454,-0.43893256174123346,0.5376987505462384,2.2133815262134098,-1.3049274031455025
0,0,-1.5025037239239092,0.0654157255621263,-0.8417255138810608,1.0347209038044092,-0.7650365471256532,-0.5215061398020266,-0.6568499880013631
0,0,1.3164763539727706,-1.2643075685916398,1.2836039832422668,5.455681300441337,0.7982458100806167,-2.145345691498692,-1.0823053903097295
0,1,1.8271113897087654,-1.2643075685916398,1.4661476210320006,2.5083743693500518,1.4496134589165623,-1.034297577179921,0.6838292448540705
0,0,-0.11433880562450187,1.3951390197158926,0.25027660503966737,-0.43893256174123346,1.8404340482181298,-0.17964518155009707,0.629410530605326
0,0,-0.6797698249775785,0.0654157255621263,-0.9232182093229061,-0.43893256174123346,-1.0255836066600315,-0.35057566067606183,-1.483025013414121
0,0,-1.0210184697540348,0.0654157255621263,-0.9199585015052323,-0.43893256174123346,-1.1558571364272208,-1.2052280563058857,-1.5621795068668405
0,0,-1.5630922923393868,0.0654157255621263,-0.9867825117675455,-0.43893256174123346,-1.416404195961599,-1.1197628167429032,-1.6314396886379698
0,0,1.4309266181346212,-1.2643075685916398,1.2330785120683228,2.5083743693500518,0.14687816124467087,-0.43604090023904424,0.17921934909298481
0,0,1.9187650298253167,-1.2643075685916398,2.538591493046686,1.0347209038044092,0.9285193398478059,2.3843120053393743,0.43647145281432265
0,0,-0.15259789393003473,2.7248623138696586,-0.9688541187703396,-0.43893256174123346,-1.416404195961599,1.3587291305835858,-0.7261101697724925
0,0,1.9132994457816692,-1.2643075685916398,2.044745758669103,3.9820278348956943,1.5798869886837517,-1.4616237749948329,-1.4236591433245815
0,0,1.096871989962624,0.0654157255621263,0.87614050603304,2.5083743693500518,0.5376987505462384,-1.71801949368378,-1.3296631823494773
0,0,-1.9409183072540996,0.0654157255621263,-0.9281077710494169,-0.43893256174123346,-1.0255836066600315,-1.71801949368378,-1.4731307017325312
0,0,0.43731146763561735,0.0654157255621263,0.5159427921800833,-0.43893256174123346,1.1890663993821842,0.07675053713885008,0.3771055827247831
0,1,1.5374821497889806,-1.2643075685916398,1.7904885488905453,5.455681300441337,0.14687816124467087,0.6750072140797267,0.3078454009536537
0,0,-0.44685185880982903,0.0654157255621263,0.13455697751224693,-0.43893256174123346,0.7982458100806167,-1.71801949368378,1.2576993223862856
0,0,0.7173642568806351,1.3951390197158926,0.8468031356739756,-0.43893256174123346,3.1431693458900214,0.16221577670183246,0.8322439200779193
0,0,1.0876692544361406,0.0654157255621263,0.6935968682433062,-0.43893256174123346,1.3193399291493733,0.41861149539077963,-0.6815857672053379
0,1,-1.0248023356304061,0.0654157255621263,-0.9134390858698846,-0.43893256174123346,-1.0255836066600315,-0.09417994198711468,-1.02293952022019
0,0,-0.047163507720525966,0.0654157255621263,-0.9264779171405799,-0.43893256174123346,-1.2861306661944099,1.1023334118946386,0.09511769979947053
0,1,0.7156358243198234,0.0654157255621263,0.1899720104127018,-0.43893256174123346,1.058792869614995,0.24768101626481484,-0.8102118190660068
0,1,-0.019788873108752752,0.0654157255621263,-0.2337900058848942,-0.43893256174123346,0.27715169101186005,1.7005900888355154,-0.2907604557825362
0,0,-0.9315604061336495,0.0654157255621263,-0.8042388739778119,-0.43893256174123346,-0.6347630173584641,-0.17964518155009707,-0.21160596232981688
0,0,-2.076576906081044,0.0654157255621263,-0.9492958718642966,-0.43893256174123346,-1.0255836066600315,-1.4616237749948329,0.7580365824659949
0,0,-1.0866521926713408,0.0654157255621263,-0.9362570405936014,-0.43893256174123346,-1.2861306661944099,-1.71801949368378,0.030804673869136073
0,0,0.19948849014664563,0.0654157255621263,-0.7243760324448034,-0.43893256174123346,-0.6347630173584641,1.7860553283984977,-0.8052646632252118
0,0,-1.5814043346052828,-1.2643075685916398,-0.9802630961321979,-0.43893256174123346,-1.416404195961599,1.9569858075244626,-0.13245146887709755
0,1,-1.0124697357370476,0.0654157255621263,-0.944406310137786,-0.43893256174123346,-1.2861306661944099,-1.71801949368378,0.9509756602569983
0,0,-1.4865741157283212,-1.2643075685916398,-0.9476660179554598,-0.43893256174123346,-1.2861306661944099,-0.43604090023904424,-1.2356672213743731
0,1,-1.3387230601886244,-1.2643075685916398,-0.9884123656763825,-0.43893256174123346,-1.416404195961599,0.8459376932056916,-0.01371972869801855
0,1,-0.43606083390314027,0.0654157255621263,-0.67874012299737,-0.43893256174123346,-0.5044894875912749,-0.2651104211130795,-0.44906944268797483
0,1,1.36842275958419,-1.2643075685916398,1.088021514181838,2.5083743693500518,0.27715169101186005,0.41861149539077963,-0.8497890657923665
0,0,-1.3045281241206756,0.0654157255621263,-0.908549524143374,-0.43893256174123346,-1.0255836066600315,-0.606971379365009,0.15448356988901002
0,0,0.17538386308235385,0.0654157255621263,-0.3658081725006837,-0.43893256174123346,0.14687816124467087,1.3587291305835858,-0.8151589749068018
0,1,0.2805846773241854,0.0654157255621263,0.4409695123735856,-0.43893256174123346,1.5798869886837517,1.187798651457621,0.34247549183921844
0,0,0.226255837642458,0.0654157255621263,0.6512206666135467,-0.43893256174123346,1.5798869886837517,-0.008714702424132305,0.7135121798988403
0,1,-0.7344723798075895,0.0654157255621263,-0.8987704006903525,-0.43893256174123346,-1.0255836066600315,-0.17964518155009707,-0.48864668941433453
0,0,0.8817989221254161,1.3951390197158926,-0.2158616128876882,-0.43893256174123346,0.14687816124467087,-0.9488323376169385,-0.7112687022501076
0,0,0.6557946862009131,0.0654157255621263,0.5420204547214739,-0.43893256174123346,1.5798869886837517,-0.606971379365009,1.5149514261076236
0,0,-0.6056340824368207,2.7248623138696586,-0.42285305930997547,-0.43893256174123346,0.5376987505462384,-0.2651104211130795,1.6040002312419328
0,1,1.7573668001603397,-1.2643075685916398,2.356047855256952,2.5083743693500518,1.1890663993821842,0.24768101626481484,1.4753741793812638
0,0,-0.4552604496462099,0.0654157255621263,-0.5956175736466877,1.0347209038044092,-0.11366889828970743,-1.2906932958688682,0.4958373229038621
0,0,-0.07720086276381978,0.0654157255621263,-0.5630204954699496,-0.43893256174123346,-0.2439424280568966,1.4441943701465683,-1.5770209743892252
0,0,0.6872334730502704,-1.2643075685916398,1.2982726684217991,-0.43893256174123346,0.5376987505462384,-1.1197628167429032,1.4259026209733143
0,0,0.4038172474707003,0.0654157255621263,0.47682629836799756,1.0347209038044092,0.14687816124467087,0.41861149539077963,-0.8646305333147514
0,1,0.8507805648178779,-1.2643075685916398,0.5175726460889203,-0.43893256174123346,0.9285193398478059,1.7005900888355154,-0.36496779339446056
0,1,-0.06692369618602097,0.0654157255621263,-0.783050773162932,-0.43893256174123346,-0.7650365471256532,0.9314029327686739,-0.9982037410162152
0,0,1.316009210037416,-1.2643075685916398,1.6291330119156913,1.0347209038044092,0.5376987505462384,0.504076734953762,-1.735329961294664
0,0,-0.8768111369101032,0.0654157255621263,-0.8058687278866488,-0.43893256174123346,-0.7650365471256532,-0.5215061398020266,-1.131776948717679
0,1,0.6834028927803636,-1.2643075685916398,1.0586841438227736,-0.43893256174123346,0.6679722803134275,-0.008714702424132305,-1.1664070396032438
0,0,1.0888371142745268,-1.2643075685916398,1.8181960653407727,2.5083743693500518,0.27715169101186005,1.187798651457621,0.38699989440637306
0,1,-0.9376799916867934,0.0654157255621263,-0.977003388314524,-0.43893256174123346,-1.416404195961599,-0.09417994198711468,1.2478050107046956
0,0,0.08583237067489781,1.3951390197158926,-0.08384344627189869,-0.43893256174123346,0.6679722803134275,1.5296596097095505,-1.1812485071256287
0,0,-0.12536340249886788,0.0654157255621263,0.450748635826607,-0.43893256174123346,1.3193399291493733,-0.17964518155009707,1.6287360104459074
0,0,0.4439449115176511,0.0654157255621263,1.0815020985464903,-0.43893256174123346,2.3615281672868864,-0.5215061398020266,0.5205731021078369
0,0,-0.6795362530099013,0.0654157255621263,-0.977003388314524,-0.43893256174123346,-1.416404195961599,-0.9488323376169385,-0.4540165985287698
0,0,0.23284256713095633,0.0654157255621263,0.47682629836799756,1.0347209038044092,1.9707075779853191,-1.034297577179921,1.683154724694652
0,0,-0.6324014299326332,1.3951390197158926,-0.9264779171405799,-0.43893256174123346,-1.1558571364272208,-0.7779018584909737,0.9361341927346134
0,1,-1.468448931036567,0.0654157255621263,-0.9590749953173181,-0.43893256174123346,-1.2861306661944099,-1.6325542541207976,-1.5423908835036606
0,0,0.4928548815492664,0.0654157255621263,0.6381818353428514,-0.43893256174123346,1.4496134589165623,1.1023334118946386,0.7036178682172504
0,1,-0.48156065320666774,1.3951390197158926,-0.9509257257731336,-0.43893256174123346,-1.1558571364272208,-0.2651104211130795,-1.4978664809365059
0,0,0.1816903062096395,0.0654157255621263,-0.166965995622581,-0.43893256174123346,0.27715169101186005,-0.6924366189279914,-1.5671266627076355
0,0,0.46982468553629,0.0654157255621263,-0.13110920962816902,-0.43893256174123346,0.5376987505462384,-0.2651104211130795,1.2873822574310554
0,0,-0.5058521378451013,0.0654157255621263,-0.15555701826072263,-0.43893256174123346,0.7982458100806167,-0.6924366189279914,1.2478050107046956
0,0,-0.6068953710622779,0.0654157255621263,-0.8922509850550049,-0.43893256174123346,-1.1558571364272208,-0.35057566067606183,-0.8547362216331614
0,1,-0.6629993576983523,0.0654157255621263,-0.9297376249582537,-0.43893256174123346,-1.1558571364272208,-0.2651104211130795,-0.15718724808107232
0,1,-0.9211898107687798,0.0654157255621263,-0.49945619302531014,1.0347209038044092,-0.37421595782408573,-0.43604090023904424,1.6089473870827278
0,0,-0.41555321514107807,0.0654157255621263,-0.5744294728318079,-0.43893256174123346,0.01660463147748173,-0.5215061398020266,-0.5529597153446689
0,0,1.4574136792692207,-1.2643075685916398,0.2877632449429163,-0.43893256174123346,0.5376987505462384,0.7604724536427091,1.3516952833613898
0,1,1.2553272128348676,-1.2643075685916398,0.6691490596107527,-0.43893256174123346,1.8404340482181298,0.41861149539077963,1.4803213352220588
0,0,0.6143590191349697,0.0654157255621263,0.7001162838786539,-0.43893256174123346,0.27715169101186005,-0.606971379365009,-0.6271670529565934
0,0,0.3802731931288339,0.0654157255621263,0.2095302573187447,-0.43893256174123346,0.7982458100806167,-0.43604090023904424,0.07038192059549574
0,0,-1.7708312003915292,0.0654157255621263,-0.9704839726791765,-0.43893256174123346,-1.2861306661944099,-0.008714702424132305,-0.9883094293346253
0,1,-1.0975833607586358,-1.2643075685916398,-0.6705908534531855,-0.43893256174123346,-0.6347630173584641,1.4441943701465683,1.2626464782270805
0,0,1.2612599408138696,0.0654157255621263,2.4424301124253085,-0.43893256174123346,0.7982458100806167,0.9314029327686739,1.430849776814109
0,1,-0.26359129297026196,0.0654157255621263,-0.48478750784577795,-0.43893256174123346,-0.11366889828970743,-0.606971379365009,1.084548867958462
0,0,1.123592623064901,-1.2643075685916398,2.111569768931416,1.0347209038044092,0.9285193398478059,1.187798651457621,0.6838292448540705
0,1,0.29688800066805715,0.0654157255621263,0.47845615227683447,-0.43893256174123346,0.01660463147748173,0.41861149539077963,0.8866626343266638
0,1,0.17103942448355708,-1.2643075685916398,0.11988829233271478,1.0347209038044092,0.6679722803134275,2.1279162866504273,-0.6914800788869278
0,1,0.34939497900190203,0.0654157255621263,0.08566136024713972,-0.43893256174123346,0.9285193398478059,0.5895419745167444,0.43647145281432265
0,1,0.1686569904132492,0.0654157255621263,-0.9313674788670907,-0.43893256174123346,-1.1558571364272208,-0.7779018584909737,-1.3296631823494773
0,0,1.2467784788178804,0.0654157255621263,1.973032186680279,-0.43893256174123346,0.4074252207790492,-0.17964518155009707,0.39689420608796294
0,0,0.7454863217889754,0.0654157255621263,0.6430713970693621,-0.43893256174123346,1.5798869886837517,1.7005900888355154,-1.5621795068668405
0,0,0.6223471804295315,-1.2643075685916398,0.3366588622080235,-0.43893256174123346,0.7982458100806167,2.1279162866504273,0.4859430112222722
0,0,-1.1561632102520891,1.3951390197158926,-0.8938808389638419,-0.43893256174123346,-1.1558571364272208,1.615124849272533,1.6732604130130622
0,0,-0.16922821802865465,0.0654157255621263,-0.9525555796819705,-0.43893256174123346,-1.2861306661944099,0.6750072140797267,-0.6321142087973883
1,0,-1.2927560969497425,-1.2643075685916398,-0.6445131909117949,-0.43893256174123346,-0.7650365471256532,-1.8034847332467623,0.9559228160977932
0,0,0.5793699383769182,0.0654157255621263,1.3976937568608505,-0.43893256174123346,0.7982458100806167,-1.3761585354318504,1.584211607878753
0,0,-0.047163507720525966,0.0654157255621263,-0.9264779171405799,-0.43893256174123346,-1.2861306661944099,1.1023334118946386,0.09511769979947053
0,1,0.07943249876054127,-1.2643075685916398,0.9967496952869711,-0.43893256174123346,1.7101605184509407,1.3587291305835858,1.213174919819131
0,0,0.6405657939083567,0.0654157255621263,0.6495908127047098,-0.43893256174123346,1.1890663993821842,-0.606971379365009,-0.7162158580909026
0,1,1.3670680421716621,-1.2643075685916398,1.0537945820962629,-0.43893256174123346,0.9285193398478059,-1.71801949368378,-0.0434026637427883
0,0,-0.7949675194359962,-1.2643075685916398,-0.7928298966159535,-0.43893256174123346,-0.8953100768928424,-1.9744152123727272,0.09511769979947053
0,1,0.43432174644934857,0.0654157255621263,0.24049748158664594,-0.43893256174123346,1.3193399291493733,0.8459376932056916,1.0202358420281277
0,0,-0.5740084380133217,0.0654157255621263,-0.6542923143648164,1.0347209038044092,-0.37421595782408573,-1.034297577179921,0.2286909075009344
0,1,0.3830293423474254,0.0654157255621263,0.5778772407158859,-0.43893256174123346,1.058792869614995,-0.8633670980539562,0.515625946267042
0,0,-0.14166672584273962,1.3951390197158926,-0.4424113062160184,1.0347209038044092,0.14687816124467087,0.41861149539077963,-0.5034881569367194
0,0,1.7362518942823169,-1.2643075685916398,2.0382263430337555,1.0347209038044092,0.5376987505462384,0.8459376932056916,-1.2356672213743731
0,0,-0.36570895723875385,0.0654157255621263,-0.3674380264095206,-0.43893256174123346,0.27715169101186005,1.9569858075244626,0.2979510892720638
0,1,1.3648257512819606,-1.2643075685916398,2.43102113506345,-0.43893256174123346,0.9285193398478059,-0.5215061398020266,0.4315242969735277
0,0,-0.7245222139845389,1.3951390197158926,-0.7781612114364214,-0.43893256174123346,-0.5044894875912749,0.6750072140797267,0.7778252058291747
0,1,-1.2079227582893668,0.0654157255621263,-0.9329973327759276,-0.43893256174123346,-1.2861306661944099,-1.8034847332467623,0.050593297232315905
0,0,0.9069312658474878,-1.2643075685916398,0.2959125144871008,-0.43893256174123346,0.27715169101186005,0.8459376932056916,-0.21655311817061182
0,0,1.318812073649543,-1.2643075685916398,2.074083129028167,2.5083743693500518,0.6679722803134275,2.1279162866504273,-1.1565127279216538
0,1,-0.9960729836061049,1.3951390197158926,-0.9166987936875585,-0.43893256174123346,-1.0255836066600315,0.3331462558277972,-0.9932565851754203
0,1,1.0044242051559702,-1.2643075685916398,1.7546317628961334,1.0347209038044092,-0.2439424280568966,-1.5470890145578151,-1.1565127279216538
0,0,-0.43265068317505245,-1.2643075685916398,-0.3869962733155635,-0.43893256174123346,-0.2439424280568966,-1.8889499728097447,-0.1819230272850471
0,0,0.8665700298328597,-1.2643075685916398,1.7562616168049703,2.5083743693500518,0.14687816124467087,1.3587291305835858,1.4011668417693395
0,0,-1.2336156747338638,0.0654157255621263,-0.6559221682736532,-0.43893256174123346,-0.6347630173584641,-1.5470890145578151,1.5100042702668286
0,0,-0.8909655981513442,0.0654157255621263,-0.9346271866847645,-0.43893256174123346,-1.2861306661944099,-1.4616237749948329,1.079601712117667
0,0,1.2103879662537655,-1.2643075685916398,1.0847618063641642,-0.43893256174123346,0.6679722803134275,0.9314029327686739,-0.6914800788869278
0,0,-0.07472499990644098,-1.2643075685916398,-0.22564073634070966,-0.43893256174123346,0.01660463147748173,-0.6924366189279914,-1.6462811561603548
0,1,0.46183652424172816,-1.2643075685916398,2.4212420116104285,-0.43893256174123346,0.27715169101186005,0.41861149539077963,1.6435774779682923
0,0,-0.13073555775544451,1.3951390197158926,-0.32995138650627176,-0.43893256174123346,0.5376987505462384,0.7604724536427091,-0.5727483387078488
0,1,-0.19949914503962568,0.0654157255621263,-0.09036286190724632,-0.43893256174123346,0.5376987505462384,-0.5215061398020266,0.7184593357396353
0,1,0.9682205501659971,0.0654157255621263,1.017937796101851,-0.43893256174123346,0.27715169101186005,-0.008714702424132305,-0.34517917003128074
0,0,0.28035110535650815,1.3951390197158926,-0.20119292770815606,1.0347209038044092,1.058792869614995,-0.6924366189279914,-1.6957527145683042
0,0,0.6242624705644849,1.3951390197158926,-0.590728011920177,-0.43893256174123346,-0.37421595782408573,0.5895419745167444,0.3820527385655781
0,1,-1.0924447774697366,0.0654157255621263,-0.9297376249582537,-0.43893256174123346,-1.0255836066600315,-1.1197628167429032,0.11490632316265036
0,0,-0.21491489490632393,0.0654157255621263,-0.47174867657508274,-0.43893256174123346,0.14687816124467087,1.5296596097095505,0.44636576449591253
0,0,-0.32801044165564636,0.0654157255621263,-0.8482449295164084,-0.43893256174123346,-1.0255836066600315,0.16221577670183246,-0.9487321826082656
0,1,1.1692325855490349,-1.2643075685916398,0.734343215964229,1.0347209038044092,0.14687816124467087,0.16221577670183246,-1.0872525461505245
0,0,0.24732402912694557,0.0654157255621263,-0.6542923143648164,-0.43893256174123346,-0.37421595782408573,1.4441943701465683,-0.14234578055868746
0,1,-1.3551198123195671,0.0654157255621263,-0.8824718616019834,-0.43893256174123346,-0.7650365471256532,-1.034297577179921,-0.8201061307475968
0,0,-1.244359985247017,0.0654157255621263,-0.9036599624168633,-0.43893256174123346,-0.7650365471256532,-0.6924366189279914,-0.5925369620710287
0,1,-0.38841215249698213,0.0654157255621263,-0.696668515994576,-0.43893256174123346,-0.5044894875912749,-0.008714702424132305,1.6732604130130622
0,1,-0.43176310969787896,0.0654157255621263,-0.3413603638681301,-0.43893256174123346,-0.11366889828970743,-1.2906932958688682,1.109284647162437
0,0,1.504968931888308,-1.2643075685916398,2.0920115220253734,2.5083743693500518,0.6679722803134275,-1.1197628167429032,-0.1373986247178925
0,0,0.09835182814239819,0.0654157255621263,-0.049616514186323624,-0.43893256174123346,0.6679722803134275,-0.606971379365009,0.17921934909298481
0,0,-1.273883481961421,0.0654157255621263,-0.9395167484112752,-0.43893256174123346,-0.8953100768928424,-1.8034847332467623,-1.1911428188072186
0,1,1.5727515169082447,-1.2643075685916398,1.5264522156589662,-0.43893256174123346,-0.11366889828970743,0.41861149539077963,-0.8943134683595211
0,0,-0.19165112692567024,0.0654157255621263,-0.7732716497099107,-0.43893256174123346,-0.8953100768928424,-0.9488323376169385,-0.7211630139316976
0,0,-1.5153501821461577,1.3951390197158926,-0.890621131146168,1.0347209038044092,-0.6347630173584641,0.07675053713885008,-0.9883094293346253
0,0,-1.158218643567649,1.3951390197158926,-0.9704839726791765,-0.43893256174123346,-1.1558571364272208,-0.35057566067606183,-1.2950330914639128
0,1,-0.5794740220569692,1.3951390197158926,-0.9183286475963954,-0.43893256174123346,-1.0255836066600315,0.504076734953762,-1.3049274031455025
0,1,-1.4237899708166775,0.0654157255621263,-0.8384658060633869,1.0347209038044092,-0.8953100768928424,-1.71801949368378,-1.3445046498718622
0,1,0.3994728088719035,0.0654157255621263,-0.14414804089886427,-0.43893256174123346,0.4074252207790492,-0.17964518155009707,-1.0476752994241647
0,0,-1.379644868925678,-1.2643075685916398,-0.7439342793508463,-0.43893256174123346,-0.8953100768928424,0.504076734953762,0.41173567361034785
0,0,1.3895376654622131,-1.2643075685916398,0.6186235884368085,-0.43893256174123346,1.3193399291493733,1.7005900888355154,-0.5875898062302337
0,0,-0.39663388575922115,1.3951390197158926,-0.5988772814643615,-0.43893256174123346,0.14687816124467087,1.4441943701465683,1.4902156469036487
0,1,0.1367510596285374,0.0654157255621263,0.3839246255642938,-0.43893256174123346,0.7982458100806167,-0.7779018584909737,0.6491991539685058
0,0,1.305918901033759,-1.2643075685916398,1.6291330119156913,1.0347209038044092,0.5376987505462384,-1.1197628167429032,0.4760486995406823
0,0,-1.7115039206015088,-1.2643075685916398,-0.8889912772373311,-0.43893256174123346,-0.8953100768928424,-0.09417994198711468,-0.11761000135471267
0,0,1.673234177402996,0.0654157255621263,2.173504217467219,5.455681300441337,0.6679722803134275,0.8459376932056916,0.24353237502331926
0,0,-0.8835380095792078,0.0654157255621263,-0.8775822998754728,-0.43893256174123346,-1.0255836066600315,-0.7779018584909737,-0.3006547674641261
0,1,1.3915463843842375,-1.2643075685916398,1.4335505428552624,-0.43893256174123346,0.5376987505462384,-0.9488323376169385,0.11985347900344531
0,0,0.9130975657941671,0.0654157255621263,0.5126830843624095,-0.43893256174123346,1.4496134589165623,-0.17964518155009707,0.07532907643629069
0,0,0.49112644898845476,0.0654157255621263,0.5208323539065941,-0.43893256174123346,1.4496134589165623,-0.09417994198711468,-0.9338907150858807
0,1,-0.14731916746052898,0.0654157255621263,-0.4293724749453231,-0.43893256174123346,0.01660463147748173,0.504076734953762,-0.5826426503894387
0,0,0.009547766031509322,0.0654157255621263,-0.5711697650141341,-0.43893256174123346,-0.37421595782408573,1.615124849272533,-1.6413340003195598
0,1,0.682608748090261,0.0654157255621263,0.7718298558674779,-0.43893256174123346,0.5376987505462384,0.5895419745167444,1.0746545562768721
0,0,-1.0582965557953232,1.3951390197158926,-0.9835228039498717,-0.43893256174123346,-1.416404195961599,1.5296596097095505,-0.2907604557825362
0,1,-0.19907871549780665,0.0654157255621263,-0.9704839726791765,-0.43893256174123346,-1.416404195961599,-0.8633670980539562,0.025857518028341114
0,0,-0.6424450245427547,1.3951390197158926,-0.977003388314524,-0.43893256174123346,-1.416404195961599,-0.09417994198711468,1.0647602445952824
0,0,-0.3253010068305903,0.0654157255621263,-0.3397305099592932,-0.43893256174123346,0.14687816124467087,-0.43604090023904424,1.4902156469036487
0,0,-0.6310934269136406,1.3951390197158926,-0.942776456228949,-0.43893256174123346,-1.1558571364272208,0.07675053713885008,-0.9932565851754203
0,1,-0.6240862678833231,0.0654157255621263,-0.7276357402624772,-0.43893256174123346,-0.5044894875912749,-0.7779018584909737,-0.32044339082730594
0,0,0.5820793732019743,0.0654157255621263,-0.5662802032876234,-0.43893256174123346,-0.37421595782408573,-0.09417994198711468,-0.10771568967312276
0,0,-0.7004175869202471,0.0654157255621263,-0.8938808389638419,-0.43893256174123346,-1.0255836066600315,-1.034297577179921,-0.41443935180241015
0,0,0.4691706840267937,0.0654157255621263,1.000009403104645,3.9820278348956943,0.7982458100806167,-0.6924366189279914,0.7926666733515596
0,0,-0.031093756344331452,1.3951390197158926,-0.6868893925415546,-0.43893256174123346,-0.5044894875912749,0.07675053713885008,-1.3098745589862975
0,0,-1.8075019993168568,1.3951390197158926,-0.9118092319610478,-0.43893256174123346,-0.6347630173584641,-0.09417994198711468,-0.21655311817061182
0,0,-0.20930916768207003,1.3951390197158926,-0.8824718616019834,-0.43893256174123346,-0.8953100768928424,0.24768101626481484,-0.3352848583496908
0,0,0.12381117261921798,1.3951390197158926,-0.6102862588262199,-0.43893256174123346,0.14687816124467087,1.1023334118946386,0.006068894665161283
0,0,-0.31511726903986237,1.3951390197158926,-0.6542923143648164,1.0347209038044092,0.01660463147748173,-0.43604090023904424,1.1983334522967461
0,0,-0.5261728990330217,0.0654157255621263,-0.22727059024954657,-0.43893256174123346,0.6679722803134275,1.5296596097095505,0.5650975046749915
0,0,-0.19300584433819826,1.3951390197158926,-0.9281077710494169,-0.43893256174123346,-1.2861306661944099,0.16221577670183246,-0.5034881569367194
0,0,-1.1446247550488333,-1.2643075685916398,-0.7765313575275845,-0.43893256174123346,-1.0255836066600315,1.5296596097095505,0.4265771411327327
0,0,-0.5839118894428369,0.0654157255621263,-0.9150689397787216,-0.43893256174123346,-1.0255836066600315,-1.2052280563058857,-1.3197688706678874
0,0,-1.1726533911701027,1.3951390197158926,-0.8938808389638419,-0.43893256174123346,-0.5044894875912749,-0.17964518155009707,-1.3939762082798117
0,1,1.3008737465319307,-1.2643075685916398,2.090381668116536,3.9820278348956943,0.9285193398478059,1.187798651457621,1.435796932654904
0,0,0.45973437653263294,0.0654157255621263,0.0025388108964574194,-0.43893256174123346,0.6679722803134275,0.6750072140797267,-0.3253905466681009
0,0,0.0892425214029856,0.0654157255621263,-0.2305302980672204,1.0347209038044092,0.4074252207790492,1.187798651457621,-1.5374437276628656
0,0,-1.2954655317747985,-1.2643075685916398,-0.9199585015052323,-0.43893256174123346,-1.1558571364272208,0.8459376932056916,-0.20171165064822696
0,1,-0.5731208645361481,0.0654157255621263,-0.8694330303312882,-0.43893256174123346,-1.0255836066600315,-1.2906932958688682,1.3418009716797998
0,0,1.8784037938106886,-1.2643075685916398,2.302262676265334,2.5083743693500518,0.7982458100806167,-0.5215061398020266,1.0400244653913076
0,1,0.8375603914473457,-1.2643075685916398,1.4123624420403826,-0.43893256174123346,0.6679722803134275,0.3331462558277972,-0.6073784295934135
0,0,-0.8770447088777804,0.0654157255621263,-0.9101793780522108,-0.43893256174123346,-1.2861306661944099,-0.6924366189279914,-1.0080980526978052
0,0,0.37466746590458,-1.2643075685916398,-0.4049246663127695,-0.43893256174123346,0.01660463147748173,-0.2651104211130795,-0.31054907914571606
0,0,-1.6113482608615057,0.0654157255621263,-0.9036599624168633,-0.43893256174123346,-0.7650365471256532,-0.5215061398020266,-0.3501263258720757
0,1,-1.3099937081643234,0.0654157255621263,-0.8857315694196572,-0.43893256174123346,-1.1558571364272208,-0.008714702424132305,1.2725407899086705
0,0,-0.4570355966005569,1.3951390197158926,-0.9558152874996443,-0.43893256174123346,-1.1558571364272208,-0.008714702424132305,-0.4985410010959244
0,0,-1.201896601523294,0.0654157255621263,-0.8955106928726787,-0.43893256174123346,-0.7650365471256532,-0.7779018584909737,0.17921934909298481
0,0,-0.9746310769733337,0.0654157255621263,-0.8857315694196572,-0.43893256174123346,-0.6347630173584641,-1.034297577179921,1.6188416987643175
0,1,-1.0217191856570664,0.0654157255621263,-0.9362570405936014,-0.43893256174123346,-1.2861306661944099,0.6750072140797267,0.6887764006948655
0,0,0.5070560571840429,0.0654157255621263,0.31221105357546985,-0.43893256174123346,1.058792869614995,0.7604724536427091,1.5495815169931881
0,1,0.978824717498544,-1.2643075685916398,0.8647315286711816,-0.43893256174123346,0.27715169101186005,1.187798651457621,-0.34023201419048577
0,0,0.44445876984654104,1.3951390197158926,-0.0447269524598129,-0.43893256174123346,0.6679722803134275,1.7860553283984977,1.0548659329136925
0,0,-0.1090600791549961,1.3951390197158926,-0.7912000427071166,-0.43893256174123346,-0.5044894875912749,0.24768101626481484,0.8174024525555343
0,1,-1.4044502118930016,0.0654157255621263,-0.6591818760913271,-0.43893256174123346,-0.37421595782408573,-1.4616237749948329,0.9559228160977932
0,1,-0.44488985428134015,0.0654157255621263,-0.8922509850550049,-0.43893256174123346,-1.0255836066600315,-0.35057566067606183,-1.0674639227873446
0,1,-1.205353466644917,2.7248623138696586,-0.9623347031349919,-0.43893256174123346,-1.2861306661944099,1.1023334118946386,0.5997275955605562
1,0,-0.988084822311543,0.0654157255621263,-0.9101793780522108,-0.43893256174123346,-1.1558571364272208,-0.5215061398020266,1.2725407899086705
0,0,1.3647790368884252,-1.2643075685916398,1.1434365470822927,1.0347209038044092,0.4074252207790492,0.3331462558277972,-1.487972169254916
0,1,-1.1713921025446457,-1.2643075685916398,-0.5646503493787864,-0.43893256174123346,-0.37421595782408573,-0.008714702424132305,-0.196764494807432
0,1,-0.3245068621404877,-1.2643075685916398,-0.5450921024727435,-0.43893256174123346,-0.37421595782408573,2.1279162866504273,-0.03845550790199334
1,0,-1.5403890970811585,0.0654157255621263,-0.9492958718642966,-0.43893256174123346,-1.2861306661944099,-0.35057566067606183,1.0449716212321025
0,0,-1.3724041379276835,2.7248623138696586,-0.9411466023201122,-0.43893256174123346,-1.0255836066600315,0.16221577670183246,-0.5430654036630791
0,1,-0.17343251344684507,-1.2643075685916398,0.45726805146195465,-0.43893256174123346,1.3193399291493733,-0.008714702424132305,1.2032806081375411
0,0,-0.2856872011125294,1.3951390197158926,-0.396775396768585,-0.43893256174123346,0.4074252207790492,-0.43604090023904424,-0.078032754628353
0,1,-0.7549799985696517,2.7248623138696586,-0.9476660179554598,-0.43893256174123346,-1.1558571364272208,0.3331462558277972,0.3226868684760386
0,0,5.159342509379425,1.3951390197158926,-0.8286866826103655,-0.43893256174123346,-1.8072247852631664,-0.606971379365009,0.18416650493377976
0,1,0.1032101250700849,1.3951390197158926,-0.9346271866847645,-0.43893256174123346,-1.2861306661944099,-0.7779018584909737,0.5650975046749915
0,0,-1.0011181381079335,0.0654157255621263,-0.4603396992132244,-0.43893256174123346,0.27715169101186005,0.7604724536427091,1.6188416987643175
0,0,0.11694415676950695,0.0654157255621263,-0.32995138650627176,-0.43893256174123346,0.27715169101186005,0.6750072140797267,-0.0038254170164286334
0,1,-0.9492651612835848,-1.2643075685916398,-0.8563941990605929,-0.43893256174123346,-1.1558571364272208,-0.17964518155009707,-0.018666884538813506
0,1,0.950422366228991,-1.2643075685916398,0.592545925895418,2.5083743693500518,-0.11366889828970743,1.7005900888355154,-1.2010371304888086
0,1,-0.6996701566236799,0.0654157255621263,-0.9574451414084812,-0.43893256174123346,-1.2861306661944099,-0.7779018584909737,-0.8448419099515715
0,0,0.9661651168504374,-1.2643075685916398,0.7066356995140015,1.0347209038044092,0.7982458100806167,1.187798651457621,0.18416650493377976
0,0,-1.7904979600699533,0.0654157255621263,-0.944406310137786,-0.43893256174123346,-1.0255836066600315,-0.606971379365009,0.8470853876003042
0,1,1.5062302205137652,0.0654157255621263,1.3373891622338847,-0.43893256174123346,0.6679722803134275,-0.5215061398020266,0.18416650493377976
0,0,0.8884323660074499,0.0654157255621263,1.9176171537798241,-0.43893256174123346,2.4918016970540755,0.7604724536427091,1.445691244336494
0,1,-0.8158955677398775,1.3951390197158926,-0.7993493122513011,-0.43893256174123346,-0.7650365471256532,-0.6924366189279914,1.5198985819484185
0,1,-1.0830084699755758,0.0654157255621263,-0.6819998308150438,-0.43893256174123346,-0.37421595782408573,-0.6924366189279914,1.0103415303465377
0,0,0.8002823054060574,0.0654157255621263,1.5949060798301162,-0.43893256174123346,1.3193399291493733,-0.09417994198711468,-0.6519028321605681
0,0,0.6322973462525822,-1.2643075685916398,0.594175779804255,-0.43893256174123346,-0.11366889828970743,0.9314029327686739,-1.6710169353643294
0,0,0.49112644898845476,0.0654157255621263,0.5208323539065941,-0.43893256174123346,1.4496134589165623,-0.09417994198711468,-0.9338907150858807
0,1,-0.9218905266718116,-1.2643075685916398,-0.8335762443368763,1.0347209038044092,-1.0255836066600315,0.7604724536427091,-1.0872525461505245
0,1,1.4931969047173748,-1.2643075685916398,1.3276100387808634,-0.43893256174123346,0.7982458100806167,-0.35057566067606183,0.41173567361034785
0,1,-0.2733078868256354,2.7248623138696586,-0.978633242223361,-0.43893256174123346,-1.416404195961599,0.5895419745167444,-1.2010371304888086
0,1,1.523888261270165,-1.2643075685916398,1.210260557344606,-0.43893256174123346,2.2312546375196973,1.4441943701465683,0.17921934909298481
0,0,0.19752648561815678,0.0654157255621263,-0.42285305930997547,-0.43893256174123346,-0.11366889828970743,0.5895419745167444,0.9064512576898437
0,1,0.5216776623606385,0.0654157255621263,1.4237714194022408,-0.43893256174123346,1.4496134589165623,1.615124849272533,1.4110611534509294
0,0,1.0154955164238717,0.0654157255621263,0.9853407179251128,1.0347209038044092,0.4074252207790492,-0.17964518155009707,-0.5875898062302337
0,0,0.5338701190733908,0.0654157255621263,0.6055847571661133,-0.43893256174123346,1.4496134589165623,0.7604724536427091,1.3764310625653646
0,0,1.1298990661921866,-1.2643075685916398,1.2200396807976275,-0.43893256174123346,0.7982458100806167,1.7860553283984977,-1.5176551042996858
0,1,0.5094852056478862,0.0654157255621263,1.1320275697204345,-0.43893256174123346,1.058792869614995,0.8459376932056916,0.9509756602569983
0,1,-0.2824639079585834,0.0654157255621263,-0.21097205116117748,1.0347209038044092,0.01660463147748173,0.41861149539077963,0.31773971263524364
0,0,1.1995969413470768,-1.2643075685916398,2.5972662337648145,2.5083743693500518,-0.2439424280568966,1.8715205679614801,0.6046747514013512
0,0,-0.2564439907593382,1.3951390197158926,-0.626584797914589,-0.43893256174123346,0.27715169101186005,-0.17964518155009707,-0.19181733896663702
0,0,2.500078942980446,-1.2643075685916398,2.1001607915695577,2.5083743693500518,1.9707075779853191,-0.09417994198711468,0.8421382317595092
0,1,0.15553024582978797,0.0654157255621263,-0.6151758205527306,-0.43893256174123346,-0.5044894875912749,-0.09417994198711468,-0.7706345723396472
0,0,1.249955057578291,0.0654157255621263,0.8875494833948983,-0.43893256174123346,1.7101605184509407,-0.6924366189279914,-1.5671266627076355
0,0,0.6976040684151401,0.0654157255621263,-0.01212987428307475,-0.43893256174123346,0.27715169101186005,0.9314029327686739,-0.3352848583496908
0,1,2.1873727926541493,-1.2643075685916398,2.2843342832681284,1.0347209038044092,0.5376987505462384,0.7604724536427091,-1.0971468578321144
0,0,-1.0674058625347358,0.0654157255621263,-0.9215883554140692,-0.43893256174123346,-1.1558571364272208,-1.3761585354318504,1.569370140356368
0,0,0.7237174144014562,0.0654157255621263,0.8256150348590958,-0.43893256174123346,2.2312546375196973,-0.43604090023904424,1.6435774779682923
0,0,-0.06243911440661784,0.0654157255621263,-0.8971405467815157,-0.43893256174123346,-1.0255836066600315,1.615124849272533,-1.369240429075837
0,1,-0.1177956707461251,0.0654157255621263,-0.3674380264095206,-0.43893256174123346,0.01660463147748173,1.187798651457621,1.688101880535447
0,1,4.763531452953565,-1.2643075685916398,-0.9949317813117301,-0.43893256174123346,-1.9374983150303555,-0.5215061398020266,-1.0476752994241647
0,0,0.43562974946834115,0.0654157255621263,-0.7423044254420094,-0.43893256174123346,-0.6347630173584641,1.3587291305835858,-0.8794720008371362
0,0,-1.1894705728428645,-1.2643075685916398,-0.660811730000164,-0.43893256174123346,-0.5044894875912749,0.9314029327686739,1.440744088495699
0,0,0.9859720197094678,0.0654157255621263,0.6463311048870359,-0.43893256174123346,1.4496134589165623,1.8715205679614801,-0.2561303648969715
0,1,-0.2437843901112315,2.7248623138696586,-0.6331042135499366,1.0347209038044092,-0.37421595782408573,0.24768101626481484,-0.5084353127775143
0,0,0.2008899219527091,0.0654157255621263,-0.038207536824465274,-0.43893256174123346,0.9285193398478059,0.504076734953762,1.0647602445952824
0,0,-1.4933009883974258,0.0654157255621263,-0.9721138265880134,-0.43893256174123346,-1.416404195961599,-1.3761585354318504,-0.6271670529565934
0,1,0.29791571732583705,0.0654157255621263,0.7392327776907397,-0.43893256174123346,1.1890663993821842,-0.5215061398020266,-0.8300004424291866
1,0,-1.2139956294489753,-1.2643075685916398,-0.8286866826103655,-0.43893256174123346,-1.1558571364272208,-0.9488323376169385,1.5149514261076236
0,0,-1.7420551339736925,-1.2643075685916398,-0.9558152874996443,-0.43893256174123346,-1.2861306661944099,1.1023334118946386,0.9410813485754084
0,0,-1.553842842419368,-1.2643075685916398,-0.8759524459666358,-0.43893256174123346,-1.2861306661944099,0.8459376932056916,0.9608699719385881
0,0,-0.3216105697412898,0.0654157255621263,-0.9721138265880134,-0.43893256174123346,-1.416404195961599,-0.43604090023904424,0.273215310068089
1,1,-1.442989586559747,0.0654157255621263,-0.8824718616019834,-0.43893256174123346,-1.0255836066600315,-1.5470890145578151,-0.3798092609168454
0,0,-1.063481853477758,0.0654157255621263,-0.9492958718642966,-0.43893256174123346,-1.2861306661944099,0.07675053713885008,0.3078454009536537
0,0,0.12787532485680206,1.3951390197158926,-0.6852595386327176,-0.43893256174123346,-0.37421595782408573,-0.17964518155009707,-0.5925369620710287
0,0,0.3434155366293645,0.0654157255621263,0.750641755052598,-0.43893256174123346,1.7101605184509407,0.41861149539077963,-0.09287422215073787
0,1,0.3407528161978439,1.3951390197158926,-0.06102549154818198,-0.43893256174123346,0.7982458100806167,0.5895419745167444,-0.5974841179118235
0,1,0.6903633374171455,0.0654157255621263,0.594175779804255,-0.43893256174123346,0.27715169101186005,-0.09417994198711468,1.4902156469036487
0,0,1.1865636255506864,0.0654157255621263,0.03513588907319557,-0.43893256174123346,0.6679722803134275,-0.9488323376169385,-0.785476039862032
0,1,0.03089624387720959,0.0654157255621263,0.6137340267102978,-0.43893256174123346,0.14687816124467087,-0.5215061398020266,1.094443179640052
0,0,-1.1772781161301122,1.3951390197158926,-0.9916720734940563,-0.43893256174123346,-1.416404195961599,-0.43604090023904424,-1.5621795068668405
0,0,1.3709453368351043,0.0654157255621263,1.0505348742785892,1.0347209038044092,0.7982458100806167,0.504076734953762,1.2527521665454906
0,1,0.8588154405059751,-1.2643075685916398,-0.09525242363375704,-0.43893256174123346,0.27715169101186005,-0.8633670980539562,-0.8695776891555462
0,0,-0.7384431032581027,0.0654157255621263,-0.6982983699034129,1.0347209038044092,-0.37421595782408573,-1.3761585354318504,0.11985347900344531
0,1,0.6232814683002404,-1.2643075685916398,-0.04635680636864981,-0.43893256174123346,0.6679722803134275,-0.9488323376169385,-0.8201061307475968
0,1,0.7551562012508135,0.0654157255621263,0.486605421821019,-0.43893256174123346,1.058792869614995,0.504076734953762,-0.49359384525512945
0,1,0.7843526972104692,-1.2643075685916398,2.4424301124253085,-0.43893256174123346,1.9707075779853191,0.16221577670183246,1.554528672833983
0,0,-0.5098228612956145,-1.2643075685916398,-0.05124636809516053,-0.43893256174123346,0.01660463147748173,-1.1197628167429032,-0.07308559878755805
0,0,-0.6075960869653096,0.0654157255621263,-0.5858384501936662,-0.43893256174123346,-0.37421595782408573,1.187798651457621,-0.5232767802998992
0,0,0.645797805984327,-1.2643075685916398,0.856582259126997,-0.43893256174123346,0.27715169101186005,0.16221577670183246,-0.8003175073844169
0,1,0.6784511670656059,0.0654157255621263,0.11662858451504096,-0.43893256174123346,0.6679722803134275,-0.606971379365009,0.6195162189237361
0,1,1.6305372217115954,-1.2643075685916398,2.4913257296904154,-0.43893256174123346,0.9285193398478059,-0.2651104211130795,1.4902156469036487
0,0,5.08487976608392,-1.2643075685916398,1.8165662114319359,-0.43893256174123346,3.7945369947259673,-1.1197628167429032,1.683154724694652
0,0,1.2095471071701276,-1.2643075685916398,1.12387830017625,2.5083743693500518,0.7982458100806167,-1.71801949368378,-1.5324965718220707
0,0,0.8185943476719534,-1.2643075685916398,0.7848686871381731,-0.43893256174123346,0.01660463147748173,-0.008714702424132305,-0.4045450401208202
0,1,-0.06267268637429509,0.0654157255621263,-0.1914138042551346,1.0347209038044092,0.9285193398478059,0.7604724536427091,1.3813782184061596
0,1,0.43240645631439517,-1.2643075685916398,0.6691490596107527,-0.43893256174123346,-0.2439424280568966,-0.09417994198711468,-0.22644742985220173
0,0,-0.45021529514438136,0.0654157255621263,-0.554871225925765,-0.43893256174123346,-0.37421595782408573,0.9314029327686739,-0.008772572857223592
1,0,-1.815723732579096,-1.2643075685916398,-0.9639645570438289,-0.43893256174123346,-1.2861306661944099,1.4441943701465683,-0.5678011828670538
0,1,-0.204731157115596,1.3951390197158926,-0.8107582896131595,-0.43893256174123346,-0.7650365471256532,1.7005900888355154,0.20890228413775455
0,0,0.46576053329870587,1.3951390197158926,-0.7993493122513011,-0.43893256174123346,-0.8953100768928424,0.6750072140797267,-0.078032754628353
0,1,-0.8001528171184311,-1.2643075685916398,-0.9639645570438289,-0.43893256174123346,-1.416404195961599,-2.2308109310616744,-1.2801916239415279
0,1,-1.1881625698238718,1.3951390197158926,-0.9118092319610478,-0.43893256174123346,-0.8953100768928424,1.7005900888355154,0.46120723201829744
0,1,-0.28096904736544903,-1.2643075685916398,-0.0023507508300533034,-0.43893256174123346,0.6679722803134275,0.6750072140797267,-0.5727483387078488
0,0,1.2386501743427123,-1.2643075685916398,0.7653104402321302,1.0347209038044092,1.7101605184509407,0.7604724536427091,-1.3494518057126572
0,1,1.2588775067435618,0.0654157255621263,0.20301084168339706,-0.43893256174123346,0.6679722803134275,-0.35057566067606183,-0.34023201419048577
0,0,0.9097341294596147,1.3951390197158926,-0.08384344627189869,-0.43893256174123346,0.6679722803134275,-0.7779018584909737,-1.2109314421703983
0,1,0.8908148000777578,0.0654157255621263,1.3439085778692323,1.0347209038044092,0.7982458100806167,-0.7779018584909737,-1.0674639227873446
0,1,1.7888990157967681,-1.2643075685916398,1.6454315510040605,3.9820278348956943,0.01660463147748173,-1.6325542541207976,-1.4483949225285564
0,1,-0.4959954008091215,0.0654157255621263,-0.696668515994576,-0.43893256174123346,-0.37421595782408573,0.07675053713885008,-0.8349475982699816
0,0,0.9342591860657256,0.0654157255621263,1.2575263207008764,2.5083743693500518,0.9285193398478059,-1.4616237749948329,0.8965569460082538
0,1,-0.7600718674650156,0.0654157255621263,-0.9052898163257002,-0.43893256174123346,-1.1558571364272208,-0.09417994198711468,-1.740277117135459
0,1,-0.40957377276854057,0.0654157255621263,0.049804574252727746,-0.43893256174123346,0.6679722803134275,1.5296596097095505,0.4513129203367075
0,0,0.6737330133185255,0.0654157255621263,0.540390600812637,1.0347209038044092,-0.11366889828970743,1.7860553283984977,-0.661797143842158
0,0,-0.7836159218068821,0.0654157255621263,-0.908549524143374,1.0347209038044092,-1.2861306661944099,-0.17964518155009707,0.8965569460082538
0,0,-1.2473029920397505,0.0654157255621263,-0.9753735344056872,-0.43893256174123346,-1.416404195961599,-1.4616237749948329,-0.008772572857223592
0,1,0.15403538523665358,0.0654157255621263,0.5192024999977571,-0.43893256174123346,1.4496134589165623,0.3331462558277972,1.2972765691126453
0,1,-0.8737279869367635,0.0654157255621263,-0.8140179974308334,-0.43893256174123346,-0.8953100768928424,-0.5215061398020266,0.6937235565356604
0,0,0.30109229608624755,-1.2643075685916398,-0.03331797509795455,-0.43893256174123346,0.6679722803134275,1.3587291305835858,0.2831096217496789
0,0,-0.07850886578281235,0.0654157255621263,-0.5679100571964603,-0.43893256174123346,-0.2439424280568966,-1.1197628167429032,-0.1373986247178925
0,0,1.1522285463021313,-1.2643075685916398,1.3944340490431766,-0.43893256174123346,-0.5044894875912749,-0.5215061398020266,1.0647602445952824
0,1,1.6514652700154766,-1.2643075685916398,0.750641755052598,1.0347209038044092,0.27715169101186005,0.7604724536427091,1.435796932654904
0,0,-1.2193210703120165,0.0654157255621263,-0.9232182093229061,-0.43893256174123346,-1.0255836066600315,-0.7779018584909737,0.738247959102815
0,1,0.3156671868693077,0.0654157255621263,0.7278238003288814,-0.43893256174123346,2.1009811077525082,-0.09417994198711468,0.500784478744657
0,1,-0.3173128455360285,1.3951390197158926,-0.9655944109526657,-0.43893256174123346,-1.416404195961599,0.9314029327686739,-1.2950330914639128
0,0,1.0675820652158974,0.0654157255621263,0.522462207815431,-0.43893256174123346,0.14687816124467087,0.3331462558277972,1.0053943745057428
0,0,0.3343996586770228,-1.2643075685916398,0.41163214201452125,-0.43893256174123346,0.7982458100806167,1.2732638910206036,0.34247549183921844
0,0,-1.5399219531458042,0.0654157255621263,-0.977003388314524,-0.43893256174123346,-1.1558571364272208,-1.2906932958688682,-1.5671266627076355
0,0,0.9453772117271625,-1.2643075685916398,2.1783937791937293,-0.43893256174123346,0.14687816124467087,0.3331462558277972,0.7283536474212251
0,0,-2.076576906081044,0.0654157255621263,-0.8792121537843096,1.0347209038044092,-0.37421595782408573,-0.606971379365009,1.697996192217037
0,0,-0.3344103135700029,0.0654157255621263,-0.8987704006903525,-0.43893256174123346,-1.1558571364272208,0.24768101626481484,-1.6462811561603548
0,0,1.328668810685523,-1.2643075685916398,1.2510069050655288,1.0347209038044092,1.1890663993821842,1.187798651457621,-0.671691455523748
0,1,1.0772052302842,-1.2643075685916398,0.8419135739474649,-0.43893256174123346,1.058792869614995,-0.606971379365009,-0.9833622734938303
0,0,0.23401042696934257,2.7248623138696586,-0.3234319708709241,-0.43893256174123346,0.7982458100806167,0.3331462558277972,-0.45896375436956477
0,0,1.772268691698148,-1.2643075685916398,0.40837243419684743,1.0347209038044092,1.4496134589165623,-1.8889499728097447,0.4265771411327327
0,1,-0.7477392675716571,1.3951390197158926,-0.9867825117675455,-0.43893256174123346,-1.416404195961599,1.7005900888355154,-0.38970357259843535
0,0,0.07662963514841432,1.3951390197158926,-0.2126019050700144,-0.43893256174123346,1.058792869614995,1.3587291305835858,1.6683132571722672
0,0,0.6736395845314547,1.3951390197158926,-0.036577682915628365,-0.43893256174123346,1.058792869614995,-0.7779018584909737,0.13964210236662514
0,1,-0.321423712167148,2.7248623138696586,-0.5336831251108852,-0.43893256174123346,0.14687816124467087,1.7860553283984977,-0.48369953357353956
0,1,1.7630659561716646,1.3951390197158926,1.4091027342227087,3.9820278348956943,-0.11366889828970743,-0.35057566067606183,-0.44906944268797483
0,0,0.9376693367938134,-1.2643075685916398,1.7171451229928845,3.9820278348956943,1.4496134589165623,1.7005900888355154,-1.4483949225285564
0,0,0.7231101272854953,0.0654157255621263,1.2379680737948335,-0.43893256174123346,0.5376987505462384,-0.35057566067606183,0.510678790426247
0,0,0.8685320343613486,0.0654157255621263,-0.4000351045862588,-0.43893256174123346,-0.2439424280568966,1.4441943701465683,-1.62154537695638
1,0,-1.6100402578425133,0.0654157255621263,-0.9704839726791765,-0.43893256174123346,-1.416404195961599,-1.71801949368378,0.5650975046749915
0,0,0.5105596366992016,0.0654157255621263,1.264045736336224,-0.43893256174123346,0.6679722803134275,-0.008714702424132305,1.6584189454906773
0,1,0.5678314831736623,0.0654157255621263,0.7734597097763147,-0.43893256174123346,1.9707075779853191,1.3587291305835858,0.5403617254710168
0,0,-0.7946872330747835,1.3951390197158926,-0.8449852216987346,-0.43893256174123346,-0.8953100768928424,1.1023334118946386,0.6244633747645311
0,1,-0.14881402805366334,2.7248623138696586,-0.8971405467815157,-0.43893256174123346,-0.7650365471256532,1.615124849272533,-0.8646305333147514
0,0,-0.6189943989879592,0.0654157255621263,-0.818907559157344,-0.43893256174123346,-0.7650365471256532,-0.7779018584909737,-0.10771568967312276
0,0,1.4141094364618594,-1.2643075685916398,0.6398116892516883,1.0347209038044092,0.7982458100806167,0.41861149539077963,-0.9833622734938303
0,0,1.489786753989287,-1.2643075685916398,1.6323927197333652,1.0347209038044092,0.6679722803134275,1.4441943701465683,0.29300393343126885
0,0,-1.6326500243136706,0.0654157255621263,-0.9492958718642966,-0.43893256174123346,-0.7650365471256532,-0.5215061398020266,-0.7508459489764673
0,1,0.8974015295662562,-1.2643075685916398,0.6121041728014609,-0.43893256174123346,1.1890663993821842,-2.2308109310616744,-1.1960899746480136
0,1,-0.8527999386328823,0.0654157255621263,-0.9639645570438289,1.0347209038044092,-1.416404195961599,-0.09417994198711468,-0.3303377025088959
0,0,0.542418853090378,-1.2643075685916398,0.94459437020419,1.0347209038044092,1.7101605184509407,1.2732638910206036,-1.0031508968570102
0,0,1.471054282181572,-1.2643075685916398,1.4335505428552624,-0.43893256174123346,0.9285193398478059,-0.2651104211130795,-0.8596833774739564
0,0,-0.020302731437642694,0.0654157255621263,-0.2517183988821002,-0.43893256174123346,0.27715169101186005,0.9314029327686739,-0.4193865076432051
0,1,0.29791571732583705,0.0654157255621263,0.7392327776907397,-0.43893256174123346,1.1890663993821842,-0.5215061398020266,-0.8300004424291866
0,0,1.3546887278847681,-1.2643075685916398,1.8817603677854122,3.9820278348956943,1.3193399291493733,-0.008714702424132305,0.6541463098093008
0,0,1.1003288550842474,-1.2643075685916398,1.3813952177724813,-0.43893256174123346,0.7982458100806167,-0.8633670980539562,-1.4632363900509413
0,0,0.5560127416091937,-1.2643075685916398,0.5974354876219288,-0.43893256174123346,1.1890663993821842,-0.7779018584909737,0.748142270784405
0,0,0.47963470817873427,0.0654157255621263,1.000009403104645,-0.43893256174123346,1.058792869614995,-0.2651104211130795,1.6485246338090873
0,0,0.30641773694928875,0.0654157255621263,0.9250361232981472,-0.43893256174123346,0.6679722803134275,0.41861149539077963,-0.3501263258720757
0,0,-0.5274341876584788,0.0654157255621263,-0.8612837607871037,-0.43893256174123346,-0.8953100768928424,-0.8633670980539562,0.5799389721973764
0,0,-0.6130616710089571,0.0654157255621263,-0.8433553677898977,-0.43893256174123346,-0.8953100768928424,0.8459376932056916,-1.3346103381902723
0,0,-0.7674994560371521,0.0654157255621263,-0.8857315694196572,-0.43893256174123346,-0.8953100768928424,-1.034297577179921,-0.4193865076432051
0,1,1.2703225331597467,1.3951390197158926,-0.12133008617514757,-0.43893256174123346,0.5376987505462384,0.16221577670183246,-1.4236591433245815
0,0,1.230101440325725,-1.2643075685916398,1.4971148452999017,-0.43893256174123346,0.7982458100806167,-1.6325542541207976,-0.5430654036630791
0,1,-0.9495454476447975,0.0654157255621263,-0.8629136146959405,1.0347209038044092,-1.1558571364272208,-0.7779018584909737,0.3028982451128588
0,1,1.0825773855407768,-1.2643075685916398,0.4002231646526629,-0.43893256174123346,0.5376987505462384,1.4441943701465683,-1.5621795068668405
0,0,-0.15072931818861676,0.0654157255621263,-0.6037668431908723,-0.43893256174123346,-0.37421595782408573,1.187798651457621,0.36721127104319323
0,0,1.0759439416587429,-1.2643075685916398,2.4440599663341454,-0.43893256174123346,0.27715169101186005,-0.6924366189279914,1.4951628027444437
0,0,0.7230166984984244,-1.2643075685916398,1.208630703435769,-0.43893256174123346,1.8404340482181298,-1.5470890145578151,1.5248457377892133
0,0,-0.236450230326166,0.0654157255621263,-0.6836296847238807,-0.43893256174123346,-0.8953100768928424,0.3331462558277972,-0.26107752073776647
0,0,0.4720669764259915,0.0654157255621263,-0.254978106699774,-0.43893256174123346,0.4074252207790492,1.1023334118946386,0.22374375166013943
0,0,0.9394444837481604,0.0654157255621263,0.30243193012244846,-0.43893256174123346,0.7982458100806167,-0.8633670980539562,0.03575182970993103
0,0,1.2606526536979088,-1.2643075685916398,1.6959570221780047,-0.43893256174123346,0.6679722803134275,1.5296596097095505,-0.7656874164988522
0,1,-0.43129596576252444,1.3951390197158926,0.06447325943225991,-0.43893256174123346,1.3193399291493733,0.3331462558277972,0.3820527385655781
0,0,-0.856303518148041,1.3951390197158926,-0.8743225920577989,-0.43893256174123346,-0.7650365471256532,-0.2651104211130795,0.43647145281432265
0,0,-2.1076419777821176,0.0654157255621263,-0.7814209192540952,-0.43893256174123346,-1.8072247852631664,1.0168681723316564,1.0598130887544874
0,0,-0.49052981676547397,1.3951390197158926,-0.978633242223361,-0.43893256174123346,-1.416404195961599,1.3587291305835858,0.6244633747645311
0,1,-0.5228561770920048,0.0654157255621263,-0.8531344912429191,-0.43893256174123346,-0.8953100768928424,0.3331462558277972,-0.2511832090561765
0,0,1.0416088624101878,-1.2643075685916398,1.0048989648311557,-0.43893256174123346,0.4074252207790492,0.9314029327686739,-0.9883094293346253
0,1,-0.03870820249060967,1.3951390197158926,-0.9362570405936014,-0.43893256174123346,-1.1558571364272208,1.187798651457621,-0.7953703515436219
0,1,0.948553790487573,0.0654157255621263,1.6552106744570818,-0.43893256174123346,0.9285193398478059,-0.17964518155009707,-0.31549623498651097
0,1,0.9115559908074973,-1.2643075685916398,0.8305045965856065,-0.43893256174123346,0.5376987505462384,-0.43604090023904424,-1.3296631823494773
0,0,-0.7319965169502107,1.3951390197158926,-0.944406310137786,-0.43893256174123346,-1.1558571364272208,-0.606971379365009,-1.374187584916632
0,1,-1.465225637882621,0.0654157255621263,-0.9590749953173181,-0.43893256174123346,-1.2861306661944099,-0.09417994198711468,-1.5077607926180958
0,0,-1.003687429752383,0.0654157255621263,-0.9704839726791765,-0.43893256174123346,-1.416404195961599,-0.2651104211130795,-1.245561533055963
0,0,-0.9512271658120737,0.0654157255621263,-0.942776456228949,-0.43893256174123346,-1.2861306661944099,-0.2651104211130795,0.1099591673218554
1,0,-1.4727933696353637,0.0654157255621263,-0.9329973327759276,-0.43893256174123346,-1.0255836066600315,-1.4616237749948329,1.2576993223862856
0,0,-1.6260632948251723,1.3951390197158926,-0.9313674788670907,-0.43893256174123346,-0.37421595782408573,0.7604724536427091,-1.0872525461505245
0,1,-0.4385834111540545,0.0654157255621263,0.3545872552052295,1.0347209038044092,1.1890663993821842,0.07675053713885008,0.9361341927346134
0,0,-0.381638565434342,0.0654157255621263,0.054694135979238466,1.0347209038044092,0.9285193398478059,-0.7779018584909737,-1.596809597752405
0,1,-0.5219218892212958,0.0654157255621263,-0.37395744204486825,-0.43893256174123346,0.27715169101186005,-0.606971379365009,1.5100042702668286
0,0,0.5089246329254609,-1.2643075685916398,1.6291330119156913,-0.43893256174123346,-0.11366889828970743,2.042451047087445,0.8718211668042789
0,0,1.4044395570000214,-1.2643075685916398,0.1948615721392125,3.9820278348956943,0.27715169101186005,1.0168681723316564,1.213174919819131
0,1,-1.641525759085406,-1.2643075685916398,-0.9069196702345371,1.0347209038044092,-1.1558571364272208,1.615124849272533,-0.0434026637427883
0,0,-0.032028044215040435,1.3951390197158926,-0.556501079834602,-0.43893256174123346,0.01660463147748173,-0.7779018584909737,-0.5480125595038741
0,1,-0.25359441275367584,0.0654157255621263,-0.696668515994576,-0.43893256174123346,-0.7650365471256532,0.6750072140797267,0.4760486995406823
0,1,-0.3162384144847132,-1.2643075685916398,-0.48641736175461486,1.0347209038044092,-0.2439424280568966,0.5895419745167444,0.8470853876003042
0,0,0.8627394495629529,0.0654157255621263,0.34480813175220804,-0.43893256174123346,1.058792869614995,1.2732638910206036,-1.745224272976254
0,1,0.38344977188924445,0.0654157255621263,0.8027970801353791,-0.43893256174123346,1.4496134589165623,0.3331462558277972,1.2873822574310554
0,0,1.0264733989047021,-1.2643075685916398,1.6812883369984726,-0.43893256174123346,1.1890663993821842,-0.35057566067606183,0.6442519981277108
0,0,-1.523992344950216,0.0654157255621263,-0.890621131146168,-0.43893256174123346,-0.6347630173584641,0.07675053713885008,-0.7755817281804421
0,0,0.46337809922839795,0.0654157255621263,-0.05613592982167126,-0.43893256174123346,0.7982458100806167,-0.09417994198711468,-0.7706345723396472
0,1,-0.2321057917273692,1.3951390197158926,-0.9362570405936014,-0.43893256174123346,-1.2861306661944099,1.1023334118946386,0.5255202579486319
0,0,-0.7994988156089348,1.3951390197158926,-0.7031879316299237,-0.43893256174123346,-0.6347630173584641,1.5296596097095505,0.8520325434410991
0,1,1.4370929180813004,-1.2643075685916398,0.680558036972611,-0.43893256174123346,1.7101605184509407,2.1279162866504273,-0.5826426503894387
0,0,-0.1756748043365466,-1.2643075685916398,1.6372822814598758,3.9820278348956943,1.3193399291493733,0.9314029327686739,0.4711015436998873
0,0,-0.10611707236226281,1.3951390197158926,-0.2582378145174478,-0.43893256174123346,0.7982458100806167,-0.606971379365009,-0.5776954945486438
0,0,0.22877841489337225,0.0654157255621263,-0.9101793780522108,-0.43893256174123346,-1.1558571364272208,-0.17964518155009707,-1.265350156419143
0,0,0.15482952992675622,0.0654157255621263,-0.2973543083295336,-0.43893256174123346,0.27715169101186005,1.0168681723316564,-0.5084353127775143
0,0,0.3603261470891971,1.3951390197158926,0.6789281830637741,1.0347209038044092,0.6679722803134275,-0.2651104211130795,0.5453088813118117
0,1,0.9600455312972935,0.0654157255621263,1.3422787239603955,-0.43893256174123346,0.9285193398478059,-0.2651104211130795,0.4711015436998873
0,0,-1.1716256745123228,-1.2643075685916398,-0.908549524143374,-0.43893256174123346,-1.2861306661944099,-1.034297577179921,-0.48369953357353956
0,1,-1.429162126073254,0.0654157255621263,-0.9183286475963954,-0.43893256174123346,-1.0255836066600315,-0.2651104211130795,0.4018413619287579
0,1,0.9911573173919026,-1.2643075685916398,0.2111601112275816,-0.43893256174123346,0.14687816124467087,-0.5215061398020266,-1.606703909433995
0,0,0.03724940139803068,0.0654157255621263,0.43119038892056416,-0.43893256174123346,1.5798869886837517,1.187798651457621,0.7728780499883797
0,0,1.8623807568280295,-1.2643075685916398,1.296642814512962,-0.43893256174123346,0.9285193398478059,-1.4616237749948329,-0.671691455523748
0,0,0.6547202551495978,0.0654157255621263,-0.1734854112579286,-0.43893256174123346,0.4074252207790492,-0.09417994198711468,-1.5127079484588908
0,0,-0.9894395397240711,1.3951390197158926,-0.9704839726791765,-0.43893256174123346,-1.416404195961599,-0.606971379365009,-1.2109314421703983
0,1,-1.3755340022945584,-1.2643075685916398,-0.24845869106442636,-0.43893256174123346,0.5376987505462384,1.2732638910206036,1.1290732705256168
0,0,0.6415000817790656,0.0654157255621263,0.23723777376897212,-0.43893256174123346,0.7982458100806167,-0.2651104211130795,-1.2950330914639128
0,0,-1.2215166468081826,0.0654157255621263,-0.9036599624168633,-0.43893256174123346,-1.0255836066600315,-0.7779018584909737,-0.26107752073776647
0,1,1.1426053812338288,-1.2643075685916398,1.8638319747882062,2.5083743693500518,0.4074252207790492,-0.9488323376169385,0.3276340243168335
0,0,-1.3962751930242978,0.0654157255621263,-0.9281077710494169,-0.43893256174123346,-1.0255836066600315,-0.2651104211130795,-0.14234578055868746
0,1,0.2400365837354155,-1.2643075685916398,-0.05287622200399744,1.0347209038044092,0.4074252207790492,0.6750072140797267,-1.6809112470459193
0,0,-1.379644868925678,-1.2643075685916398,-0.7439342793508463,-0.43893256174123346,-0.8953100768928424,0.504076734953762,0.41173567361034785
0,0,1.673234177402996,0.0654157255621263,2.173504217467219,5.455681300441337,0.6679722803134275,0.8459376932056916,0.24353237502331926
0,1,1.2332780190861357,0.0654157255621263,1.3781355099548076,-0.43893256174123346,1.1890663993821842,0.8459376932056916,0.42162998529193774
0,0,1.936376356188181,2.7248623138696586,1.6617300900924294,2.5083743693500518,0.27715169101186005,1.2732638910206036,0.31773971263524364
0,1,-0.6583746327383428,2.7248623138696586,-0.944406310137786,-0.43893256174123346,-1.1558571364272208,0.5895419745167444,0.8866626343266638
0,1,1.3566974468067923,0.0654157255621263,1.4384401045817732,-0.43893256174123346,0.9285193398478059,0.9314029327686739,0.2979510892720638
0,0,-1.6547926468494736,0.0654157255621263,-0.9476660179554598,-0.43893256174123346,-1.2861306661944099,-1.2906932958688682,-1.1565127279216538
0,1,0.16160311698939636,1.3951390197158926,-0.8857315694196572,-0.43893256174123346,-1.1558571364272208,-0.606971379365009,-0.666744299682953
0,1,-0.14778631139588347,-1.2643075685916398,0.10684946106201951,-0.43893256174123346,0.4074252207790492,-1.9744152123727272,1.5001099585852387
0,0,0.21593195667112375,1.3951390197158926,-0.14740774871653808,-0.43893256174123346,0.6679722803134275,0.16221577670183246,0.3276340243168335
0,0,-1.2530021480510753,0.0654157255621263,-0.9525555796819705,-0.43893256174123346,-1.0255836066600315,-0.9488323376169385,-0.41443935180241015
0,0,-0.7713300363070589,1.3951390197158926,-0.9395167484112752,-0.43893256174123346,-1.1558571364272208,0.16221577670183246,0.7234064915804302
0,0,0.9080524112923386,0.0654157255621263,0.5697279711717013,-0.43893256174123346,1.7101605184509407,1.1023334118946386,0.510678790426247
0,1,-0.1148526639533918,0.0654157255621263,-0.3869962733155635,-0.43893256174123346,-0.11366889828970743,-0.2651104211130795,0.3771055827247831
0,1,1.3897245230363549,-1.2643075685916398,1.651950966639408,-0.43893256174123346,1.5798869886837517,-0.9488323376169385,1.435796932654904
0,1,-0.28325805264868603,0.0654157255621263,-0.9313674788670907,-0.43893256174123346,-1.2861306661944099,-0.9488323376169385,0.040698985550725986
0,1,0.21840781952850255,0.0654157255621263,0.21930938077176615,1.0347209038044092,0.6679722803134275,-0.6924366189279914,-1.255455844737553
0,0,-0.8374309031597195,1.3951390197158926,-0.8743225920577989,-0.43893256174123346,-0.7650365471256532,1.615124849272533,-0.12750431303630258
0,0,-0.5560701108957091,0.0654157255621263,-0.5874683041025032,-0.43893256174123346,-0.11366889828970743,-0.43604090023904424,1.104337491321642
0,1,-0.8304237441294021,0.0654157255621263,-0.8515046373340822,-0.43893256174123346,-0.5044894875912749,-1.6325542541207976,-1.5127079484588908
0,0,-1.5197880495320255,0.0654157255621263,-0.8694330303312882,-0.43893256174123346,-0.5044894875912749,-1.034297577179921,1.1983334522967461
0,0,1.4271894666517853,-1.2643075685916398,0.8940688990302459,-0.43893256174123346,0.27715169101186005,0.7604724536427091,-0.08297991046914796
0,0,1.3665074694492367,-1.2643075685916398,2.3381194622597463,3.9820278348956943,0.5376987505462384,-0.09417994198711468,-0.9239964034042908
0,1,0.45151264327039387,-1.2643075685916398,1.1140991767232284,-0.43893256174123346,0.5376987505462384,-1.8889499728097447,1.4061139976101344
0,1,0.15562367461685886,0.0654157255621263,0.22908850422478758,-0.43893256174123346,1.058792869614995,1.1023334118946386,0.980658595301768
0,1,-0.09214946869516351,0.0654157255621263,-0.6803699769062069,-0.43893256174123346,-0.5044894875912749,0.504076734953762,-0.5183296244591042
0,0,-1.7228555182306229,1.3951390197158926,-0.9346271866847645,-0.43893256174123346,-0.5044894875912749,-0.9488323376169385,0.3028982451128588
0,1,-0.13017498503301914,0.0654157255621263,-0.39351568895091116,-0.43893256174123346,-0.2439424280568966,-0.43604090023904424,0.1346949465258302
0,0,0.6246361857127685,0.0654157255621263,-0.13599877135467972,-0.43893256174123346,0.6679722803134275,1.2732638910206036,-0.9141020917227008
0,0,1.4198553068667197,-1.2643075685916398,2.127868308019785,2.5083743693500518,1.3193399291493733,1.0168681723316564,1.218122075659926
0,0,-0.9861228177830542,1.3951390197158926,-0.9476660179554598,1.0347209038044092,-1.1558571364272208,0.24768101626481484,-1.5819681302300201
0,0,-0.2606015717839932,0.0654157255621263,-0.2777960614234907,2.5083743693500518,0.4074252207790492,-0.43604090023904424,-1.2356672213743731
0,1,0.39807137706584006,0.0654157255621263,1.2852338371511038,-0.43893256174123346,2.1009811077525082,-0.8633670980539562,0.4958373229038621
0,0,-0.6248804125734257,0.0654157255621263,-0.9378868945024383,-0.43893256174123346,-1.2861306661944099,-0.35057566067606183,-1.1713541954440387
0,0,0.15903382534494664,1.3951390197158926,0.2763542675810579,-0.43893256174123346,0.9285193398478059,-1.3761585354318504,0.6986707123764554
0,0,-0.6630927864854232,1.3951390197158926,-0.9395167484112752,-0.43893256174123346,-1.1558571364272208,0.24768101626481484,1.3813782184061596
0,0,1.5769558123264351,-1.2643075685916398,0.7245640925112076,1.0347209038044092,1.4496134589165623,-1.71801949368378,0.3276340243168335
0,0,-1.3418529245554995,0.0654157255621263,-0.9313674788670907,-0.43893256174123346,-1.0255836066600315,-0.008714702424132305,-0.9883094293346253
0,0,-0.3433794771288091,1.3951390197158926,-0.5287935633843744,-0.43893256174123346,0.27715169101186005,-0.008714702424132305,-1.0872525461505245
0,0,-2.076576906081044,-1.2643075685916398,-0.9753735344056872,-0.43893256174123346,-1.416404195961599,-1.5470890145578151,0.9015041018490487
0,0,-0.6198819724651328,0.0654157255621263,-0.378847003771379,-0.43893256174123346,0.27715169101186005,-1.71801949368378,1.3813782184061596
0,1,-0.11391837608268282,0.0654157255621263,-0.32995138650627176,-0.43893256174123346,-0.2439424280568966,-0.5215061398020266,-0.7904231957028269
0,0,0.2781088144668066,0.0654157255621263,-0.3397305099592932,-0.43893256174123346,0.27715169101186005,-0.35057566067606183,0.1445892582074201
0,1,-0.3969141721204339,0.0654157255621263,-0.3348409482327825,-0.43893256174123346,0.27715169101186005,0.24768101626481484,0.5255202579486319
0,1,-1.5167048995586858,1.3951390197158926,-0.9884123656763825,-0.43893256174123346,-1.416404195961599,-1.4616237749948329,-0.3748621050760505
0,0,0.05696287546999022,0.0654157255621263,-0.13436891744584284,-0.43893256174123346,0.14687816124467087,-0.7779018584909737,0.3226868684760386
0,0,-1.000043707056618,0.0654157255621263,-0.872692738148962,-0.43893256174123346,-1.0255836066600315,-0.8633670980539562,1.3170651924758252
0,0,0.8488185602893891,-1.2643075685916398,1.8475334356998372,2.5083743693500518,0.27715169101186005,-1.2052280563058857,-0.3946507284392303
0,1,0.4903790186918876,0.0654157255621263,0.6104743188926239,1.0347209038044092,0.14687816124467087,0.8459376932056916,-0.8893663125187261
0,0,-1.414400377716052,0.0654157255621263,-0.9101793780522108,-0.43893256174123346,-0.6347630173584641,-0.606971379365009,-1.6611226236827397
0,1,-0.4464781436615454,1.3951390197158926,-0.6934088081769022,-0.43893256174123346,-0.37421595782408573,-1.034297577179921,-1.3247160265086824
0,0,0.4388063282287517,0.0654157255621263,0.6512206666135467,-0.43893256174123346,1.058792869614995,-0.7779018584909737,-0.43422797516559
0,0,1.348148712789805,-1.2643075685916398,1.8377543122468156,3.9820278348956943,0.4074252207790492,1.3587291305835858,-0.34023201419048577
0,1,-0.4259238105059478,1.3951390197158926,-0.030058267280280736,-0.43893256174123346,1.058792869614995,-0.17964518155009707,0.050593297232315905
0,0,-0.5620028388747113,0.0654157255621263,-0.7211163246271296,-0.43893256174123346,-0.7650365471256532,-1.2052280563058857,0.7234064915804302
0,1,1.610309889310746,-1.2643075685916398,1.0652035594581213,-0.43893256174123346,1.7101605184509407,1.1023334118946386,-1.3296631823494773
0,0,-1.6273245834506294,0.0654157255621263,-0.7765313575275845,-0.43893256174123346,-0.5044894875912749,-0.7779018584909737,0.861926855122689
0,1,-1.2701930448721206,0.0654157255621263,-0.8841017155108204,1.0347209038044092,-0.7650365471256532,-0.2651104211130795,-1.0625167669465496
0,0,-0.754699712208439,0.0654157255621263,-0.8889912772373311,-0.43893256174123346,-1.0255836066600315,-0.5215061398020266,1.3220123483166202
0,1,-0.7159267655740162,1.3951390197158926,-0.978633242223361,-0.43893256174123346,-1.416404195961599,-0.5215061398020266,-0.06319128710596814
0,0,-0.039315489606570504,1.3951390197158926,-0.9134390858698846,-0.43893256174123346,-1.0255836066600315,-1.034297577179921,-1.7006998704090992
0,1,1.6305372217115954,-1.2643075685916398,2.4913257296904154,-0.43893256174123346,0.9285193398478059,-0.2651104211130795,1.4902156469036487
0,0,1.4070088486444712,-1.2643075685916398,2.4082031803397332,-0.43893256174123346,0.5376987505462384,-0.09417994198711468,0.040698985550725986
0,1,-0.2672817300595624,2.7248623138696586,-0.5842085962848294,-0.43893256174123346,0.01660463147748173,1.3587291305835858,1.1191789588440268
0,0,-0.4535787314789337,1.3951390197158926,-0.9150689397787216,-0.43893256174123346,-1.0255836066600315,0.8459376932056916,-0.7607402606580572
0,0,-0.03539148054959278,1.3951390197158926,0.00905822653180505,-0.43893256174123346,1.1890663993821842,0.5895419745167444,0.4958373229038621
0,1,0.7539416270188918,-1.2643075685916398,1.1515858166264774,-0.43893256174123346,0.6679722803134275,-0.7779018584909737,-0.785476039862032
0,0,-0.9407631416601331,0.0654157255621263,-0.8645434686047775,1.0347209038044092,-1.0255836066600315,-0.35057566067606183,0.748142270784405
0,1,-0.026282173810180186,1.3951390197158926,-0.39514554285974807,-0.43893256174123346,0.4074252207790492,0.3331462558277972,1.5100042702668286
0,0,1.1527891190245567,-1.2643075685916398,0.6039549032572764,-0.43893256174123346,1.3193399291493733,-1.2052280563058857,-0.9289435592450858
1,1,-1.1718125320864645,0.0654157255621263,-0.9737436804968503,-0.43893256174123346,-1.416404195961599,-1.8889499728097447,-1.4533420783693514
0,1,-0.14035872282374706,-1.2643075685916398,0.6463311048870359,1.0347209038044092,1.1890663993821842,2.2133815262134098,0.7877195175107646
0,1,0.15450252917200807,0.0654157255621263,0.8696210903976923,-0.43893256174123346,1.3193399291493733,-0.2651104211130795,1.0400244653913076
0,0,0.5669906240900242,0.0654157255621263,0.3350290082991866,-0.43893256174123346,0.6679722803134275,1.1023334118946386,-0.1373986247178925
0,1,1.2322503024283558,0.0654157255621263,1.650321112730571,-0.43893256174123346,1.3193399291493733,0.9314029327686739,-0.9734679618122404
0,0,-0.6944381445477096,0.0654157255621263,-0.32669167868859794,-0.43893256174123346,0.27715169101186005,-0.43604090023904424,-0.15718724808107232
0,1,-1.4064122164214903,0.0654157255621263,-0.8743225920577989,-0.43893256174123346,-0.5044894875912749,-1.4616237749948329,-0.5133824686183093
0,0,1.3718796247058134,-1.2643075685916398,0.4360799506470749,-0.43893256174123346,0.4074252207790492,0.9314029327686739,0.7629837383067899
0,1,0.10204226523169867,0.0654157255621263,-0.6754804151796961,-0.43893256174123346,-0.5044894875912749,-0.09417994198711468,-0.1819230272850471
0,0,0.6947544904094777,-1.2643075685916398,0.37577535602010925,-0.43893256174123346,0.14687816124467087,0.16221577670183246,-0.018666884538813506
0,0,0.24045701327723454,-1.2643075685916398,-0.27942591533232763,-0.43893256174123346,-0.2439424280568966,-0.35057566067606183,-0.7261101697724925
0,0,0.3253370663311457,2.7248623138696586,-0.556501079834602,-0.43893256174123346,0.14687816124467087,-0.008714702424132305,0.5354145696302218
0,1,1.5471520292508185,-1.2643075685916398,1.6128344728273223,-0.43893256174123346,0.4074252207790492,-0.6924366189279914,-1.3494518057126572
0,1,1.610543461278423,-1.2643075685916398,1.3748758021371337,1.0347209038044092,0.4074252207790492,0.6750072140797267,-0.661797143842158
0,1,-0.2928345033234531,0.0654157255621263,-0.942776456228949,-0.43893256174123346,-1.416404195961599,-0.17964518155009707,-0.7162158580909026
0,0,-0.1898292655777877,0.0654157255621263,-0.9036599624168633,-0.43893256174123346,-1.1558571364272208,-0.43604090023904424,-0.8794720008371362
0,0,-0.28176319205555167,-1.2643075685916398,-0.6461430448206319,-0.43893256174123346,-0.6347630173584641,-1.4616237749948329,-1.2010371304888086
0,1,1.2364078834530108,-1.2643075685916398,1.4661476210320006,-0.43893256174123346,0.9285193398478059,0.24768101626481484,0.05554045307311086
0,0,1.0819700984248157,-1.2643075685916398,1.0423856047344044,-0.43893256174123346,0.5376987505462384,-1.9744152123727272,-0.5925369620710287
0,1,0.015200207649298672,0.0654157255621263,0.9478540780218638,-0.43893256174123346,2.1009811077525082,0.504076734953762,0.8223496083963293
0,0,-0.761987157599969,0.0654157255621263,-0.7162267629006188,-0.43893256174123346,-0.6347630173584641,-0.2651104211130795,-0.018666884538813506
0,1,2.0356444424510105,-1.2643075685916398,2.6021557954913255,1.0347209038044092,0.4074252207790492,-2.145345691498692,1.084548867958462
0,0,0.5076633443000038,-1.2643075685916398,0.7115252612405123,-0.43893256174123346,-0.11366889828970743,1.2732638910206036,0.2979510892720638
0,0,0.988494596960382,-1.2643075685916398,0.6935968682433062,-0.43893256174123346,0.01660463147748173,0.7604724536427091,-0.8349475982699816
0,0,1.504968931888308,-1.2643075685916398,2.0920115220253734,2.5083743693500518,0.6679722803134275,-1.1197628167429032,-0.1373986247178925
0,1,-0.4365746922320302,0.0654157255621263,-0.43752174448950765,-0.43893256174123346,-0.11366889828970743,1.2732638910206036,-0.6420085204789782
0,1,1.0596873327084066,-1.2643075685916398,1.922506715506335,1.0347209038044092,1.3193399291493733,1.2732638910206036,0.2633209983864991
0,0,-0.27737203906321944,1.3951390197158926,-0.9297376249582537,2.5083743693500518,-1.2861306661944099,1.187798651457621,-1.369240429075837
0,1,0.9530383722669761,-1.2643075685916398,1.3357593083250479,-0.43893256174123346,0.5376987505462384,-2.0598804519357095,0.4166828294511428
0,1,-0.56499256006098,0.0654157255621263,-0.8580240529694299,-0.43893256174123346,-1.0255836066600315,-0.008714702424132305,0.8272967642371243
0,0,-0.8167364268235155,1.3951390197158926,-0.9118092319610478,-0.43893256174123346,-0.7650365471256532,1.7860553283984977,-1.4731307017325312
0,0,1.4519013808320378,0.0654157255621263,2.008888972674691,1.0347209038044092,1.4496134589165623,-1.4616237749948329,-1.5423908835036606
0,0,-1.2870569409384178,-1.2643075685916398,-0.26638708406163236,-0.43893256174123346,0.14687816124467087,-0.8633670980539562,1.5495815169931881
0,0,1.19730793606384,-1.2643075685916398,1.2558964667920394,1.0347209038044092,0.5376987505462384,-0.7779018584909737,-1.0625167669465496
0,1,1.0353491336764375,-1.2643075685916398,2.486436167963905,1.0347209038044092,0.5376987505462384,-1.1197628167429032,-0.8547362216331614
0,1,1.0436175813322122,-1.2643075685916398,0.8353941583121173,-0.43893256174123346,0.14687816124467087,-2.0598804519357095,-1.4731307017325312
0,0,0.7681895170472037,0.0654157255621263,1.3096816457836573,-0.43893256174123346,0.7982458100806167,-0.606971379365009,-0.6420085204789782
0,0,1.2930257284179751,-1.2643075685916398,0.9364451006600055,-0.43893256174123346,0.6679722803134275,-0.43604090023904424,-1.3445046498718622
0,1,-0.27307431485795813,0.0654157255621263,-0.7895701887982797,-0.43893256174123346,-1.0255836066600315,-1.71801949368378,-1.0625167669465496
0,1,0.6071650025305105,0.0654157255621263,0.5892862180777442,1.0347209038044092,1.3193399291493733,1.5296596097095505,1.6435774779682923
1,0,-1.2383805428744796,0.0654157255621263,-0.9541854335908074,-0.43893256174123346,-1.2861306661944099,-1.71801949368378,0.990552906983358
0,1,1.0825773855407768,-1.2643075685916398,0.4002231646526629,-0.43893256174123346,0.5376987505462384,1.4441943701465683,-1.5621795068668405
0,0,-0.8904050254289189,0.0654157255621263,-0.9281077710494169,-0.43893256174123346,-0.8953100768928424,-0.17964518155009707,-1.5770209743892252
0,0,0.9269717406741955,-1.2643075685916398,0.7098954073316753,-0.43893256174123346,0.27715169101186005,-0.17964518155009707,-0.5232767802998992
0,0,0.7279684242131821,0.0654157255621263,1.8980589068737812,1.0347209038044092,1.9707075779853191,-0.09417994198711468,0.24353237502331926
0,1,0.15352152690776366,0.0654157255621263,0.26331543631036264,-0.43893256174123346,1.4496134589165623,-0.17964518155009707,-0.018666884538813506
0,1,0.401808528548676,0.0654157255621263,0.47193673664148683,-0.43893256174123346,1.058792869614995,-0.5215061398020266,-0.1472929363994824
0,1,0.6016059896997921,1.3951390197158926,0.8027970801353791,-0.43893256174123346,0.9285193398478059,1.4441943701465683,0.14953641404821508
0,0,0.19220104475511557,0.0654157255621263,0.19323171823037563,-0.43893256174123346,0.6679722803134275,0.5895419745167444,-0.04834981958358325
0,1,1.404813272148305,-1.2643075685916398,0.8940688990302459,1.0347209038044092,-0.37421595782408573,-1.2052280563058857,0.21384943997854952
0,0,1.9821564618529213,-1.2643075685916398,2.9346459928940547,3.9820278348956943,0.4074252207790492,1.3587291305835858,0.6343576864461209
1,1,-1.7306101075575075,-1.2643075685916398,-0.9118092319610478,-0.43893256174123346,-0.7650365471256532,-1.4616237749948329,0.990552906983358
0,0,-0.018200583728547482,-1.2643075685916398,1.032606481281383,2.5083743693500518,0.5376987505462384,-1.5470890145578151,1.3962196859285445
0,0,0.2795569606664055,0.0654157255621263,0.11988829233271478,-0.43893256174123346,0.6679722803134275,-1.1197628167429032,-1.0921997019913194
0,1,0.7624436466423435,1.3951390197158926,-0.5108651703871685,-0.43893256174123346,-0.2439424280568966,-0.8633670980539562,-0.4045450401208202
0,0,-0.569056712298564,0.0654157255621263,-0.9329973327759276,-0.43893256174123346,-1.1558571364272208,-0.6924366189279914,-0.7360044814540824
0,1,0.7446454627053374,0.0654157255621263,0.6675192057019158,-0.43893256174123346,0.14687816124467087,-0.5215061398020266,1.3962196859285445
0,0,-1.1225755613001012,0.0654157255621263,-0.9411466023201122,-0.43893256174123346,-1.1558571364272208,-0.8633670980539562,-1.5028136367773008
0,0,0.011089341018179145,1.3951390197158926,-0.8792121537843096,1.0347209038044092,-0.7650365471256532,-0.606971379365009,-1.492919325095711
0,1,-0.3691191079668416,1.3951390197158926,-0.7211163246271296,-0.43893256174123346,-0.37421595782408573,-0.35057566067606183,0.8025609850331495
0,1,-0.42910038926635835,1.3951390197158926,-0.7683820879833999,-0.43893256174123346,-1.0255836066600315,-0.17964518155009707,0.2979510892720638
0,0,-0.27312102925149356,1.3951390197158926,-0.9134390858698846,-0.43893256174123346,-1.2861306661944099,-0.606971379365009,-1.5077607926180958
0,0,-1.6362003182223648,1.3951390197158926,-0.9150689397787216,-0.43893256174123346,-0.37421595782408573,-0.606971379365009,0.74319511494361
0,0,0.3644370137203166,0.0654157255621263,-0.4619695531220613,-0.43893256174123346,0.14687816124467087,0.3331462558277972,1.094443179640052
0,1,0.08162807525670739,0.0654157255621263,0.17204361741549581,-0.43893256174123346,0.9285193398478059,1.4441943701465683,1.6188416987643175
0,0,0.3311296511295414,1.3951390197158926,-0.8482449295164084,-0.43893256174123346,-0.8953100768928424,-0.35057566067606183,-1.487972169254916
0,1,0.10671370458524358,0.0654157255621263,-0.40981422803928025,-0.43893256174123346,0.14687816124467087,1.0168681723316564,0.36721127104319323
0,1,0.8732969025019643,0.0654157255621263,0.594175779804255,-0.43893256174123346,1.4496134589165623,0.16221577670183246,1.445691244336494
0,1,0.030102099187106955,0.0654157255621263,-0.05124636809516053,-0.43893256174123346,0.6679722803134275,0.5895419745167444,-1.487972169254916
0,0,-0.5106637203792526,0.0654157255621263,-0.9166987936875585,-0.43893256174123346,-1.0255836066600315,-0.008714702424132305,0.9509756602569983
0,0,-0.5474746624851865,0.0654157255621263,-0.7895701887982797,-0.43893256174123346,-0.2439424280568966,-0.5215061398020266,-0.4738052218919496
0,0,-0.08266644680746733,1.3951390197158926,-0.6233250900969152,-0.43893256174123346,0.27715169101186005,-0.9488323376169385,-1.730382805453869
0,0,0.13081833164953535,0.0654157255621263,0.09707033760899807,-0.43893256174123346,0.7982458100806167,0.8459376932056916,-0.31549623498651097
0,0,1.9154015934907644,-1.2643075685916398,1.9045783225091288,2.5083743693500518,1.058792869614995,-0.35057566067606183,-0.196764494807432
0,0,-0.8633573915718938,0.0654157255621263,-0.8678031764224513,-0.43893256174123346,-0.6347630173584641,-0.35057566067606183,1.3418009716797998
0,0,-0.8108036988445134,0.0654157255621263,-0.9672242648615027,-0.43893256174123346,-1.416404195961599,-0.43604090023904424,0.43647145281432265
0,0,-0.371034398101795,0.0654157255621263,0.09707033760899807,-0.43893256174123346,1.1890663993821842,-0.9488323376169385,1.336853815839005
0,0,1.5073046515650805,-1.2643075685916398,0.7979075184088684,-0.43893256174123346,0.4074252207790492,-1.6325542541207976,-1.02293952022019
0,0,-0.525378754342919,2.7248623138696586,-0.8694330303312882,-0.43893256174123346,-0.5044894875912749,0.07675053713885008,0.861926855122689
0,0,-1.6927714487937937,0.0654157255621263,-0.8531344912429191,-0.43893256174123346,-0.6347630173584641,-1.6325542541207976,1.1884391406151562
0,1,0.3316435094584313,0.0654157255621263,-0.19467351207280842,-0.43893256174123346,0.4074252207790492,0.8459376932056916,-0.6420085204789782
0,0,1.3369839727348327,-1.2643075685916398,1.4922252835733911,-0.43893256174123346,1.1890663993821842,-0.17964518155009707,1.3319066599982101
0,0,1.4837605972232142,-1.2643075685916398,0.6919670143344694,-0.43893256174123346,1.1890663993821842,0.5895419745167444,-1.0278866760609848
0,0,1.4305529029863375,-1.2643075685916398,2.3527881474392784,1.0347209038044092,0.5376987505462384,0.8459376932056916,1.697996192217037
0,0,0.23401042696934257,2.7248623138696586,-0.3234319708709241,-0.43893256174123346,0.7982458100806167,0.3331462558277972,-0.45896375436956477
0,0,-0.7590441508072358,1.3951390197158926,-0.8661733225136143,-0.43893256174123346,-0.7650365471256532,1.4441943701465683,-0.8745248449963412
0,0,0.05373958231604423,0.0654157255621263,0.7816089793204993,1.0347209038044092,1.7101605184509407,1.2732638910206036,-0.31549623498651097
0,1,-0.2416822424021363,1.3951390197158926,-0.9672242648615027,-0.43893256174123346,-1.416404195961599,0.7604724536427091,-0.008772572857223592
0,1,-2.1998561906210945,-1.2643075685916398,-0.9933019274028931,-0.43893256174123346,-1.9374983150303555,0.3331462558277972,-1.7155413379314841
0,1,-0.8637778211137128,0.0654157255621263,-0.9166987936875585,-0.43893256174123346,-1.1558571364272208,-0.8633670980539562,-0.1373986247178925
0,1,0.548445009856451,0.0654157255621263,0.7962776645000315,-0.43893256174123346,1.8404340482181298,-0.7779018584909737,-0.4738052218919496
0,0,1.3458597075065681,-1.2643075685916398,1.546010462565009,2.5083743693500518,1.058792869614995,1.615124849272533,-0.17697587144425217
0,0,0.625944188731761,0.0654157255621263,-0.34950963341231467,-0.43893256174123346,0.14687816124467087,-0.43604090023904424,-0.2066588064890219
0,0,1.411586859210945,-1.2643075685916398,2.095271229843047,-0.43893256174123346,0.5376987505462384,-0.7779018584909737,-0.6815857672053379
0,0,1.1121008822551806,-1.2643075685916398,3.0438462047861274,3.9820278348956943,1.4496134589165623,-0.008714702424132305,-0.5282239361406942
0,1,1.2956884488494957,-1.2643075685916398,1.37161609431946,-0.43893256174123346,1.5798869886837517,-0.606971379365009,0.29300393343126885
0,1,-0.7760481900541393,1.3951390197158926,-0.9329973327759276,-0.43893256174123346,-1.0255836066600315,1.1023334118946386,-1.750171428817049
0,1,1.575694523700978,-1.2643075685916398,1.8719812443323907,5.455681300441337,0.27715169101186005,1.2732638910206036,-1.255455844737553
0,0,-1.2644938888607957,0.0654157255621263,-0.9737436804968503,-0.43893256174123346,-1.416404195961599,-0.2651104211130795,1.104337491321642
0,0,-0.4639493268438034,0.0654157255621263,-0.06754490718352961,1.0347209038044092,0.9285193398478059,-1.034297577179921,1.5495815169931881
0,1,0.5837610913692505,0.0654157255621263,0.47356659055032374,-0.43893256174123346,1.1890663993821842,-1.71801949368378,-1.1020940136729094
0,1,0.5902076776771424,1.3951390197158926,-0.8384658060633869,-0.43893256174123346,-0.8953100768928424,1.2732638910206036,-1.7155413379314841
0,1,-0.8001528171184311,-1.2643075685916398,-0.9639645570438289,-0.43893256174123346,-1.416404195961599,-2.2308109310616744,-1.2801916239415279
0,0,1.097058847536766,-1.2643075685916398,1.4889655757557172,1.0347209038044092,1.058792869614995,-0.7779018584909737,-0.6024312737526185
0,0,-1.2081096158635087,1.3951390197158926,-0.8743225920577989,-0.43893256174123346,-0.7650365471256532,1.0168681723316564,-1.136724104558474
0,0,0.04168726878389835,0.0654157255621263,0.6658893517930788,1.0347209038044092,1.3193399291493733,-0.35057566067606183,-0.16708155976266226
0,1,-0.27405531712220255,0.0654157255621263,-0.43752174448950765,-0.43893256174123346,0.14687816124467087,1.1023334118946386,-0.5727483387078488
0,1,1.2180958411871148,0.0654157255621263,-0.10340169317794158,2.5083743693500518,0.6679722803134275,1.1023334118946386,1.5001099585852387
0,1,2.0188272607782487,-1.2643075685916398,2.233808812094184,2.5083743693500518,-0.37421595782408573,-1.5470890145578151,-0.44906944268797483
0,0,0.20481393100968684,1.3951390197158926,0.2127899651364185,2.5083743693500518,0.9285193398478059,-1.034297577179921,0.5205731021078369
0,0,-1.3789441530226463,0.0654157255621263,-0.9264779171405799,-0.43893256174123346,-1.0255836066600315,-1.5470890145578151,0.7283536474212251
0,0,-0.7017723043327752,0.0654157255621263,-0.5239040016578638,-0.43893256174123346,0.14687816124467087,1.2732638910206036,0.26826815422729405
0,1,-0.7391438191611345,0.0654157255621263,-0.1897839503462977,1.0347209038044092,0.7982458100806167,1.2732638910206036,0.7827723616699697
0,0,0.6360812121289535,0.0654157255621263,0.36599623256708785,-0.43893256174123346,1.058792869614995,1.3587291305835858,1.223069231500721
0,0,1.489786753989287,-1.2643075685916398,1.6323927197333652,1.0347209038044092,0.6679722803134275,1.4441943701465683,0.29300393343126885
0,0,-1.5153501821461577,1.3951390197158926,-0.890621131146168,1.0347209038044092,-0.6347630173584641,0.07675053713885008,-0.9883094293346253
0,1,-0.7108348966786523,1.3951390197158926,-0.977003388314524,-0.43893256174123346,-1.416404195961599,0.504076734953762,0.3028982451128588
0,0,1.196607220160808,0.0654157255621263,2.659200682300617,3.9820278348956943,0.7982458100806167,-0.8633670980539562,1.579264452037958
0,0,-0.1291939827687747,0.0654157255621263,-0.8140179974308334,-0.43893256174123346,-0.8953100768928424,-0.606971379365009,-0.9141020917227008
0,1,-1.0176550334194825,0.0654157255621263,-0.5695399111052972,-0.43893256174123346,0.4074252207790492,-0.7779018584909737,0.6195162189237361
0,0,-0.8361696145342624,0.0654157255621263,-0.8254269747926917,-0.43893256174123346,-1.0255836066600315,0.07675053713885008,1.5001099585852387
0,0,-0.6426318821168965,1.3951390197158926,-0.9329973327759276,-0.43893256174123346,-0.7650365471256532,-0.17964518155009707,-1.3939762082798117
0,0,0.34846069113119305,-1.2643075685916398,-0.3641783185918468,-0.43893256174123346,0.01660463147748173,1.5296596097095505,-1.3989233641206067
0,0,0.8862367895112838,-1.2643075685916398,1.1841828948032156,1.0347209038044092,0.6679722803134275,0.3331462558277972,-1.3395574940310673
0,0,0.10335026825069124,-1.2643075685916398,-0.6053966970997091,-0.43893256174123346,-0.5044894875912749,-0.008714702424132305,0.21384943997854952
0,0,-0.9180599464019048,0.0654157255621263,-0.9395167484112752,-0.43893256174123346,-1.2861306661944099,-0.35057566067606183,0.9311870368938184
0,1,-1.4842383960515486,-1.2643075685916398,-0.7895701887982797,-0.43893256174123346,-0.8953100768928424,-0.606971379365009,0.6937235565356604
0,0,-0.7937529452040746,0.0654157255621263,-0.8710628842401251,-0.43893256174123346,-0.6347630173584641,-0.35057566067606183,-1.7006998704090992
0,0,-1.0983775054487386,0.0654157255621263,-0.9020301085080263,-0.43893256174123346,-1.1558571364272208,-0.43604090023904424,0.015963206346751198
0,0,0.5863303830137002,2.7248623138696586,1.1629947939883356,-0.43893256174123346,1.3193399291493733,1.3587291305835858,0.6343576864461209
0,0,-0.859012952973097,0.0654157255621263,-0.8889912772373311,-0.43893256174123346,-1.1558571364272208,0.24768101626481484,-1.725435649613074
0,0,-1.616673701724547,0.0654157255621263,-0.8824718616019834,-0.43893256174123346,-1.0255836066600315,-0.7779018584909737,1.232963543182311
0,0,0.2040197863195842,0.0654157255621263,0.20301084168339706,-0.43893256174123346,0.7982458100806167,0.16221577670183246,0.46120723201829744
0,1,-1.0887076259869006,0.0654157255621263,-0.8710628842401251,1.0347209038044092,-1.0255836066600315,-0.7779018584909737,-0.2066588064890219
1,1,-1.7244438076108282,0.0654157255621263,-0.8629136146959405,-0.43893256174123346,-1.0255836066600315,-1.5470890145578151,0.8025609850331495
0,1,-0.9239926743809068,0.0654157255621263,-0.9688541187703396,-0.43893256174123346,-1.2861306661944099,0.9314029327686739,-0.10771568967312276
0,0,0.7644056511708324,0.0654157255621263,1.1466962548999666,-0.43893256174123346,2.2312546375196973,0.41861149539077963,1.228016387341516
0,0,1.055062607748397,-1.2643075685916398,1.3732459482282968,1.0347209038044092,0.9285193398478059,-0.17964518155009707,0.05554045307311086
0,1,1.8567750296037757,-1.2643075685916398,2.219140126914652,-0.43893256174123346,0.6679722803134275,-0.17964518155009707,0.861926855122689
0,0,0.7821104063207677,-1.2643075685916398,0.8647315286711816,-0.43893256174123346,0.14687816124467087,-0.008714702424132305,-1.730382805453869
0,0,-0.9761726519600035,0.0654157255621263,-0.9232182093229061,-0.43893256174123346,-1.2861306661944099,-0.6924366189279914,0.8371910759187142
0,0,1.2912038670700927,-1.2643075685916398,1.1841828948032156,1.0347209038044092,0.5376987505462384,-0.35057566067606183,-1.5127079484588908
0,1,-1.1156151166633193,-1.2643075685916398,-0.47011882266624583,-0.43893256174123346,-0.2439424280568966,-0.9488323376169385,1.559475828674778
0,0,-0.6828996893444537,1.3951390197158926,-0.9036599624168633,-0.43893256174123346,-0.5044894875912749,0.9314029327686739,-1.141671260399269
0,1,-0.2583125665007562,1.3951390197158926,-0.854764345151756,-0.43893256174123346,-0.7650365471256532,-0.2651104211130795,-0.34517917003128074
0,0,-0.692616283199827,0.0654157255621263,-0.8873614233284942,1.0347209038044092,-1.1558571364272208,-0.17964518155009707,-1.2999802473047077
0,0,-0.19851814277538127,0.0654157255621263,0.04165530470854321,-0.43893256174123346,0.7982458100806167,1.3587291305835858,0.20890228413775455
0,0,0.43105173890186715,0.0654157255621263,0.11336887669736714,1.0347209038044092,0.4074252207790492,0.8459376932056916,-1.4187119874837866
0,0,-0.6051669385014663,1.3951390197158926,-0.9166987936875585,-0.43893256174123346,-0.8953100768928424,1.2732638910206036,1.232963543182311
0,1,-2.051911706294327,-1.2643075685916398,-0.7227461785359665,-0.43893256174123346,0.14687816124467087,-1.8889499728097447,1.460532711858879
0,0,1.1271429169735951,-1.2643075685916398,0.7278238003288814,1.0347209038044092,-0.11366889828970743,0.5895419745167444,-1.5671266627076355
0,0,-0.8046373988978341,0.0654157255621263,-0.9460361640466228,-0.43893256174123346,-1.2861306661944099,-1.4616237749948329,-0.09782137799153283
0,1,-0.8775118528131349,0.0654157255621263,-0.8074985817954857,-0.43893256174123346,-0.6347630173584641,0.3331462558277972,1.336853815839005
0,0,-0.8580319507088526,0.0654157255621263,-0.7944597505247905,-0.43893256174123346,-1.0255836066600315,0.24768101626481484,-0.3798092609168454
0,0,1.1718018771934846,0.0654157255621263,1.0130482343753402,-0.43893256174123346,1.5798869886837517,0.7604724536427091,-0.4688580660511547
0,0,-0.7827750627232439,0.0654157255621263,-0.18815409643746078,-0.43893256174123346,0.4074252207790492,-1.2906932958688682,1.1834919847743612
0,0,-0.34678962785689693,0.0654157255621263,0.13944653923875766,1.0347209038044092,1.3193399291493733,0.24768101626481484,0.025857518028341114
0,0,0.8862367895112838,-1.2643075685916398,1.1841828948032156,1.0347209038044092,0.6679722803134275,0.3331462558277972,-1.3395574940310673
0,0,-1.083242041943253,1.3951390197158926,-0.9851526578587086,1.0347209038044092,-1.416404195961599,0.24768101626481484,-1.6314396886379698
0,0,0.8009363069155536,-1.2643075685916398,3.208461449578655,-0.43893256174123346,1.3193399291493733,1.7005900888355154,0.7135121798988403
0,1,-1.214275915810188,1.3951390197158926,-0.9101793780522108,-0.43893256174123346,-1.0255836066600315,-0.09417994198711468,0.7234064915804302
0,0,-1.1609747927862404,0.0654157255621263,-0.9411466023201122,-0.43893256174123346,-1.2861306661944099,-1.2052280563058857,0.4760486995406823
0,1,0.8709144684316565,-1.2643075685916398,0.6006951954396026,-0.43893256174123346,0.7982458100806167,-1.3761585354318504,1.3764310625653646
0,0,-0.43891041190880264,0.0654157255621263,-0.572799618922971,-0.43893256174123346,0.01660463147748173,-0.43604090023904424,1.559475828674778
0,0,0.0635028905649531,-1.2643075685916398,-0.5516115181080912,-0.43893256174123346,-0.37421595782408573,1.5296596097095505,-0.1472929363994824
0,1,0.9471523586815095,-1.2643075685916398,1.0586841438227736,-0.43893256174123346,0.9285193398478059,1.4441943701465683,1.1142318030032319
0,0,0.7311917173671281,-1.2643075685916398,0.7359730698730659,-0.43893256174123346,0.27715169101186005,-1.5470890145578151,0.500784478744657
0,0,0.50883120413839,1.3951390197158926,0.9152569998451258,1.0347209038044092,1.7101605184509407,1.7005900888355154,1.3962196859285445
0,0,0.618656743340231,1.3951390197158926,0.8973286068479197,1.0347209038044092,1.4496134589165623,0.9314029327686739,-0.07308559878755805
0,1,-0.4649303291080479,-1.2643075685916398,0.1019598993355088,-0.43893256174123346,0.6679722803134275,-1.5470890145578151,0.8965569460082538
0,1,-0.7517567054157057,1.3951390197158926,-0.9215883554140692,1.0347209038044092,-1.1558571364272208,-0.35057566067606183,-1.5473380393444556
0,0,0.6340724932069293,0.0654157255621263,-0.16044657998723336,-0.43893256174123346,0.27715169101186005,0.41861149539077963,-1.3593461173942472
0,0,-1.63933018258924,1.3951390197158926,-0.942776456228949,-0.43893256174123346,-0.8953100768928424,0.6750072140797267,1.4902156469036487
0,1,1.475025005632085,-1.2643075685916398,1.831234896611468,2.5083743693500518,1.058792869614995,-1.9744152123727272,-1.4582892342101463
0,1,0.5710080619340728,0.0654157255621263,1.8866499295119228,-0.43893256174123346,2.3615281672868864,0.3331462558277972,1.688101880535447
0,1,-1.3850170241822546,-1.2643075685916398,-0.9818929500410348,-0.43893256174123346,-1.416404195961599,1.1023334118946386,1.683154724694652
0,0,0.7040039403294966,-1.2643075685916398,0.47682629836799756,-0.43893256174123346,1.1890663993821842,-0.7779018584909737,-1.1713541954440387
0,0,-0.8904050254289189,0.0654157255621263,-0.9281077710494169,-0.43893256174123346,-0.8953100768928424,-0.17964518155009707,-1.5770209743892252
0,0,0.876380052475304,0.0654157255621263,1.4123624420403826,-0.43893256174123346,1.3193399291493733,0.24768101626481484,1.084548867958462
0,0,0.37242517501487843,0.0654157255621263,0.24049748158664594,-0.43893256174123346,1.058792869614995,1.187798651457621,1.099390335480847
0,0,-0.5713457175818011,0.0654157255621263,-0.9248480632317431,-0.43893256174123346,-1.0255836066600315,1.3587291305835858,-1.131776948717679
0,0,-0.24957697490962719,-1.2643075685916398,-0.2533482527909371,-0.43893256174123346,-0.11366889828970743,0.9314029327686739,-0.03845550790199334
0,0,1.7001416680794146,-1.2643075685916398,2.3446388778950937,1.0347209038044092,0.7982458100806167,0.6750072140797267,0.03575182970993103
0,0,1.6452055412817264,-1.2643075685916398,1.1336574236292714,2.5083743693500518,1.3193399291493733,-1.034297577179921,0.3474226476800134
0,0,-1.169990670738582,1.3951390197158926,-0.9737436804968503,-0.43893256174123346,-1.1558571364272208,-0.606971379365009,-0.20171165064822696
0,1,-0.09056117931495825,0.0654157255621263,-0.34462007168580394,-0.43893256174123346,0.01660463147748173,0.07675053713885008,-0.9685208059714454
0,0,-0.5109907211340007,0.0654157255621263,-0.9688541187703396,-0.43893256174123346,-1.416404195961599,-0.7779018584909737,0.391947050247168
0,1,0.6699491474421542,-1.2643075685916398,0.5273517695419417,-0.43893256174123346,-0.2439424280568966,0.3331462558277972,-1.2356672213743731
0,0,-0.7118158989428967,0.0654157255621263,-0.40981422803928025,-0.43893256174123346,0.5376987505462384,-0.17964518155009707,1.1637033614111814
0,0,1.2848039951557362,-1.2643075685916398,1.2477471972478549,-0.43893256174123346,0.14687816124467087,1.1023334118946386,1.5941059195603429
0,0,-0.535982921675466,0.0654157255621263,-0.977003388314524,-0.43893256174123346,-1.416404195961599,-1.1197628167429032,-0.18687018312584208
0,1,1.0927611233315047,-1.2643075685916398,2.4962152914169264,1.0347209038044092,0.6679722803134275,-0.09417994198711468,0.7827723616699697
0,0,0.1065268470111018,0.0654157255621263,0.62840271188983,-0.43893256174123346,1.4496134589165623,-0.6924366189279914,0.7728780499883797
0,1,-1.2981749665998545,1.3951390197158926,-0.9753735344056872,-0.43893256174123346,-1.1558571364272208,-0.09417994198711468,-0.46391091021035974
0,0,1.5185628204071238,-1.2643075685916398,-0.06754490718352961,5.455681300441337,0.9285193398478059,0.9314029327686739,0.9262398810530235
0,0,-0.3819655661890901,0.0654157255621263,-0.9655944109526657,-0.43893256174123346,-1.416404195961599,-1.2052280563058857,-1.4681835458917363
0,1,0.9220667293529733,-1.2643075685916398,1.2770845676069191,-0.43893256174123346,0.27715169101186005,0.9314029327686739,-1.2356672213743731
0,0,1.5832155410601854,-1.2643075685916398,2.0724532751193303,1.0347209038044092,0.6679722803134275,-0.35057566067606183,-1.596809597752405
0,1,-0.59619777494266,0.0654157255621263,-0.7700119418922369,-0.43893256174123346,-0.7650365471256532,-0.43604090023904424,-1.4335534550061715
0,0,0.9069312658474878,-1.2643075685916398,0.2959125144871008,-0.43893256174123346,0.27715169101186005,0.8459376932056916,-0.21655311817061182
0,1,-0.6247869837863549,1.3951390197158926,-0.8857315694196572,-0.43893256174123346,-0.7650365471256532,-0.2651104211130795,0.09017054395867558
0,0,0.24681017079805564,1.3951390197158926,-0.8058687278866488,-0.43893256174123346,-0.6347630173584641,0.3331462558277972,-1.2109314421703983
0,1,0.46118252273223187,0.0654157255621263,-0.27290649969698,-0.43893256174123346,0.01660463147748173,-0.8633670980539562,-0.1373986247178925
0,1,1.301013889712537,0.0654157255621263,0.4181515576498689,-0.43893256174123346,-0.2439424280568966,0.9314029327686739,-1.616598221115585
0,1,1.3527267233562792,-1.2643075685916398,0.2730945597633841,-0.43893256174123346,0.01660463147748173,-1.4616237749948329,1.2478050107046956
0,0,-1.1380847399538703,0.0654157255621263,-0.9851526578587086,-0.43893256174123346,-1.416404195961599,-1.1197628167429032,0.38699989440637306
0,0,0.22527483537821358,0.0654157255621263,0.5599488477186798,-0.43893256174123346,1.3193399291493733,-0.8633670980539562,0.9361341927346134
0,1,1.4890860380862554,-1.2643075685916398,2.0708234212104935,3.9820278348956943,0.27715169101186005,-0.5215061398020266,-0.4441222868471799
0,0,0.10545241595978647,0.0654157255621263,-0.29083489269418594,-0.43893256174123346,-0.11366889828970743,-0.8633670980539562,0.2534266867049092
0,0,-0.6280569913338363,0.0654157255621263,-0.27290649969698,-0.43893256174123346,0.6679722803134275,-1.4616237749948329,-0.11266284551391771
0,0,0.05766359137302196,0.0654157255621263,-0.5695399111052972,-0.43893256174123346,-0.2439424280568966,-0.09417994198711468,-0.5331710919814892
0,0,-1.0244286204821225,0.0654157255621263,-0.9036599624168633,-0.43893256174123346,-1.1558571364272208,-0.2651104211130795,-1.270297312259938
0,1,1.125461198806319,-1.2643075685916398,1.0277169195548723,1.0347209038044092,0.7982458100806167,0.7604724536427091,-0.6321142087973883
0,0,-0.05057365844861375,0.0654157255621263,-0.9020301085080263,-0.43893256174123346,-1.1558571364272208,1.4441943701465683,-1.7006998704090992
0,0,-1.7115039206015088,-1.2643075685916398,-0.8889912772373311,-0.43893256174123346,-0.8953100768928424,-0.09417994198711468,-0.11761000135471267
0,0,0.631129486414196,0.0654157255621263,-0.1066614009956154,1.0347209038044092,0.5376987505462384,-0.43604090023904424,-1.0080980526978052
0,0,0.6786380246397478,1.3951390197158926,-0.4978263391164732,-0.43893256174123346,0.5376987505462384,0.3331462558277972,-1.606703909433995
0,1,1.159469277300126,-1.2643075685916398,0.9657824710190699,-0.43893256174123346,0.14687816124467087,1.2732638910206036,0.6689877773316857
0,1,1.3895376654622131,-1.2643075685916398,0.5827668024423965,1.0347209038044092,0.14687816124467087,-1.2052280563058857,0.6491991539685058
0,1,0.11741130070486144,1.3951390197158926,-0.978633242223361,-0.43893256174123346,-1.416404195961599,-0.35057566067606183,-1.0575696111057546
0,1,2.1873727926541493,-1.2643075685916398,2.2843342832681284,1.0347209038044092,0.5376987505462384,0.7604724536427091,-1.0971468578321144
0,1,-1.6669383891686904,0.0654157255621263,-0.9297376249582537,-0.43893256174123346,-0.7650365471256532,-1.2906932958688682,-0.2511832090561765
0,0,0.9280461717255108,0.0654157255621263,1.5378611930208244,2.5083743693500518,-0.11366889828970743,-0.17964518155009707,-0.24128889737458661
0,0,-0.8587793810054197,0.0654157255621263,-0.8971405467815157,1.0347209038044092,-1.2861306661944099,-1.2052280563058857,-0.48369953357353956
0,0,-0.7329775192144552,-1.2643075685916398,-0.2517183988821002,1.0347209038044092,-0.37421595782408573,-1.2052280563058857,-0.3550734817128707
1,0,-1.3696012743155563,-1.2643075685916398,-0.8449852216987346,-0.43893256174123346,-1.1558571364272208,0.24768101626481484,0.8668740109634839
0,0,-0.2301905015924158,0.0654157255621263,0.059583697705749186,-0.43893256174123346,1.058792869614995,-0.7779018584909737,-0.31549623498651097
0,1,0.869513036625593,0.0654157255621263,0.3203603231196544,-0.43893256174123346,0.9285193398478059,0.07675053713885008,-0.43422797516559
0,0,-0.9505264499090419,0.0654157255621263,-0.7993493122513011,-0.43893256174123346,-0.7650365471256532,-0.8633670980539562,1.1389675822072067
0,1,0.0038018956266490755,1.3951390197158926,-0.47337853048391965,-0.43893256174123346,0.14687816124467087,-0.35057566067606183,0.26826815422729405
0,1,-0.1600721968957066,0.0654157255621263,-0.7471939871685201,-0.43893256174123346,-0.8953100768928424,-0.8633670980539562,-0.8250532865883916
0,0,-0.2437843901112315,0.0654157255621263,-0.4619695531220613,-0.43893256174123346,-0.11366889828970743,1.2732638910206036,1.1587562055703864
0,1,-0.5792871644828274,1.3951390197158926,-0.41144408194811716,-0.43893256174123346,0.6679722803134275,0.5895419745167444,1.0103415303465377
0,1,1.6072267393374062,1.3951390197158926,1.8589424130616954,-0.43893256174123346,0.4074252207790492,0.24768101626481484,1.6633661013314722
0,0,-0.23458165458474803,2.7248623138696586,-0.8743225920577989,-0.43893256174123346,-1.0255836066600315,-0.6924366189279914,-1.4236591433245815
1,1,-1.6523634983856301,-1.2643075685916398,-0.9672242648615027,-0.43893256174123346,-1.416404195961599,-1.3761585354318504,0.8866626343266638
0,1,0.5626928998847629,-1.2643075685916398,0.8451732817651387,-0.43893256174123346,1.3193399291493733,1.4441943701465683,-0.8052646632252118
0,0,0.7207276932151874,0.0654157255621263,0.5729876789893751,1.0347209038044092,0.27715169101186005,1.5296596097095505,0.8718211668042789
0,1,-1.215630633222716,1.3951390197158926,-0.977003388314524,-0.43893256174123346,-1.416404195961599,0.16221577670183246,-0.4540165985287698
0,0,-0.4325572543879816,0.0654157255621263,-0.9069196702345371,-0.43893256174123346,-1.2861306661944099,-0.7779018584909737,-1.6413340003195598
0,0,1.5720975153987484,0.0654157255621263,2.4913257296904154,1.0347209038044092,1.1890663993821842,-0.606971379365009,1.1884391406151562
0,1,0.9786845743179378,-1.2643075685916398,2.2452177894560426,3.9820278348956943,0.7982458100806167,-1.3761585354318504,-0.5480125595038741
0,0,-0.1066776450846882,0.0654157255621263,-0.4684889687574089,-0.43893256174123346,-0.11366889828970743,-0.43604090023904424,-1.5720738185484304
0,0,-0.7088728921501634,1.3951390197158926,-0.8824718616019834,-0.43893256174123346,-0.7650365471256532,0.07675053713885008,1.6782075688538571
0,1,1.5763018108169389,-1.2643075685916398,1.3243503309631897,-0.43893256174123346,0.6679722803134275,0.5895419745167444,0.33752833599842347
0,1,-1.9140575309712164,-1.2643075685916398,-0.9558152874996443,-0.43893256174123346,-0.8953100768928424,-1.71801949368378,-1.5621795068668405
0,0,-0.10625721554286915,0.0654157255621263,-0.4896770695722887,-0.43893256174123346,-0.11366889828970743,0.6750072140797267,0.7827723616699697
0,0,0.1950973371543134,0.0654157255621263,0.01720749607598959,-0.43893256174123346,0.9285193398478059,1.3587291305835858,0.10006485564026549
0,0,-0.691261565787299,0.0654157255621263,-0.8971405467815157,-0.43893256174123346,-1.0255836066600315,-1.71801949368378,0.7926666733515596
0,1,-1.4327591343754837,0.0654157255621263,-0.9362570405936014,-0.43893256174123346,-1.0255836066600315,-0.7779018584909737,-1.5077607926180958
0,1,-0.8657865400357372,0.0654157255621263,-0.8645434686047775,-0.43893256174123346,-0.8953100768928424,0.5895419745167444,-0.18687018312584208
0,1,0.5293855372939876,-1.2643075685916398,0.8125762035884005,-0.43893256174123346,1.3193399291493733,2.042451047087445,-0.5826426503894387
0,0,-1.4340204230009408,0.0654157255621263,-0.9052898163257002,-0.43893256174123346,-0.5044894875912749,-0.43604090023904424,-0.9635736501306504
0,0,-0.4573625973553051,0.0654157255621263,-0.7716417958010737,1.0347209038044092,-0.7650365471256532,-1.034297577179921,-0.6519028321605681
0,0,0.11666387040829426,1.3951390197158926,0.09218077588248734,-0.43893256174123346,2.1009811077525082,1.1023334118946386,1.4803213352220588
0,0,0.2705410827140638,0.0654157255621263,-0.3348409482327825,-0.43893256174123346,0.14687816124467087,1.2732638910206036,-0.6172727412750034
0,1,-1.1854531349988158,0.0654157255621263,-0.9607048492261551,1.0347209038044092,-1.416404195961599,-1.4616237749948329,1.336853815839005
0,1,0.25975005780737503,-1.2643075685916398,0.7750895636851517,-0.43893256174123346,1.5798869886837517,2.2133815262134098,0.020910362187546157
0,0,0.7562773466956643,0.0654157255621263,1.3390190161427218,-0.43893256174123346,1.1890663993821842,0.41861149539077963,1.559475828674778
0,0,-2.076576906081044,0.0654157255621263,-0.9704839726791765,-0.43893256174123346,-1.416404195961599,-0.8633670980539562,1.559475828674778
0,0,1.4571333929080081,-1.2643075685916398,1.8230856270672835,1.0347209038044092,1.4496134589165623,-0.43604090023904424,1.440744088495699
0,0,0.10484512884382562,0.0654157255621263,-0.6298445057322628,-0.43893256174123346,-0.37421595782408573,0.7604724536427091,-1.3197688706678874
0,1,-1.348252796469856,1.3951390197158926,-0.9264779171405799,-0.43893256174123346,-0.6347630173584641,0.504076734953762,-1.59186244191161
0,0,-0.27578374968301417,1.3951390197158926,-0.15718687216955954,-0.43893256174123346,1.4496134589165623,-0.606971379365009,-0.053296975424378217
0,0,0.22247197176608663,-1.2643075685916398,0.7636805863232933,-0.43893256174123346,0.01660463147748173,-0.43604090023904424,1.0746545562768721
0,0,1.2826551330531055,-1.2643075685916398,1.4074728803138719,-0.43893256174123346,-0.5044894875912749,0.6750072140797267,-1.596809597752405
0,0,0.24998674955846617,0.0654157255621263,0.8647315286711816,-0.43893256174123346,1.3193399291493733,1.5296596097095505,0.5997275955605562
0,0,-0.3539836444613561,0.0654157255621263,-0.5141248782048423,-0.43893256174123346,-0.37421595782408573,0.3331462558277972,-1.265350156419143
0,0,0.11666387040829426,1.3951390197158926,0.09218077588248734,-0.43893256174123346,2.1009811077525082,1.1023334118946386,1.4803213352220588
0,0,0.35696271075464475,0.0654157255621263,-0.1914138042551346,1.0347209038044092,0.27715169101186005,0.3331462558277972,1.3022237249534403
0,0,1.342215984810803,-1.2643075685916398,0.6447012509781991,-0.43893256174123346,0.7982458100806167,-2.145345691498692,1.5941059195603429
0,0,-0.5422893648027517,0.0654157255621263,-0.6494027526383056,-0.43893256174123346,-0.37421595782408573,-0.43604090023904424,-0.4688580660511547
0,0,0.5025247610111043,0.0654157255621263,-0.05287622200399744,-0.43893256174123346,0.9285193398478059,-0.2651104211130795,0.23858521918252432
0,0,-0.13863029026293544,0.0654157255621263,-0.8775822998754728,-0.43893256174123346,-1.1558571364272208,0.07675053713885008,0.025857518028341114
0,0,-0.7768890491377773,2.7248623138696586,-0.8237971208838548,-0.43893256174123346,-0.7650365471256532,0.07675053713885008,1.5941059195603429
0,0,1.1767068885147067,-1.2643075685916398,0.41000228810568434,-0.43893256174123346,0.27715169101186005,1.7860553283984977,0.20890228413775455
0,1,1.3876223753272596,-1.2643075685916398,0.9429645162953532,-0.43893256174123346,0.14687816124467087,-0.008714702424132305,-0.9685208059714454
1,0,-1.7532665884222003,-1.2643075685916398,-0.978633242223361,1.0347209038044092,-1.416404195961599,-2.316276170624657,-1.0971468578321144
0,0,-1.4865741157283212,-1.2643075685916398,-0.9476660179554598,-0.43893256174123346,-1.2861306661944099,-0.43604090023904424,-1.2356672213743731
0,0,1.0399271442429117,-1.2643075685916398,1.762781032440318,-0.43893256174123346,0.14687816124467087,-1.8034847332467623,1.574317296197163
0,0,0.6901297654494682,1.3951390197158926,-0.29083489269418594,1.0347209038044092,0.27715169101186005,1.0168681723316564,-0.9190492475634958
1,0,-1.3186825853619168,0.0654157255621263,-0.9118092319610478,-0.43893256174123346,-1.0255836066600315,-0.8633670980539562,0.9064512576898437
0,0,-0.21486818051278847,0.0654157255621263,-0.6379937752764473,-0.43893256174123346,-0.2439424280568966,0.7604724536427091,-0.6222198971157984
0,0,-0.8646186801973509,1.3951390197158926,-0.9753735344056872,-0.43893256174123346,-1.416404195961599,1.4441943701465683,1.232963543182311
0,0,0.11367414922202551,0.0654157255621263,-0.1718555573490917,-0.43893256174123346,0.27715169101186005,-1.034297577179921,0.26826815422729405
0,1,-1.0951074979012572,1.3951390197158926,-0.8629136146959405,-0.43893256174123346,-0.7650365471256532,-1.034297577179921,0.43647145281432265
0,1,1.8071643436691287,-1.2643075685916398,3.0291775196065953,1.0347209038044092,0.4074252207790492,-1.8889499728097447,-1.0773582344689345
0,0,-0.18137396034787143,0.0654157255621263,-0.18815409643746078,-0.43893256174123346,0.5376987505462384,1.615124849272533,0.8817154784858688
0,0,-0.4116759204776358,0.0654157255621263,-0.6119161127350567,-0.43893256174123346,-0.5044894875912749,1.0168681723316564,0.9212927252122285
0,1,0.14044149671783787,0.0654157255621263,1.0032691109223186,1.0347209038044092,0.7982458100806167,0.6750072140797267,0.8520325434410991
1,1,-1.7236029485271902,1.3951390197158926,-0.8368359521545501,-0.43893256174123346,-0.37421595782408573,0.9314029327686739,0.33752833599842347
0,1,-1.167795094242416,0.0654157255621263,-0.977003388314524,-0.43893256174123346,-1.416404195961599,-0.17964518155009707,-1.492919325095711
0,1,-1.3839425931309393,0.0654157255621263,-0.9623347031349919,-0.43893256174123346,-1.2861306661944099,-1.3761585354318504,-0.11266284551391771
0,0,-0.353142785377718,1.3951390197158926,-0.9069196702345371,-0.43893256174123346,-1.0255836066600315,0.3331462558277972,-0.21160596232981688
0,1,0.46935754160093546,0.0654157255621263,0.6577400822488944,1.0347209038044092,1.4496134589165623,1.4441943701465683,-0.22644742985220173
0,0,-0.9555716044108704,0.0654157255621263,-0.7325253019889879,-0.43893256174123346,-0.6347630173584641,0.5895419745167444,1.0697074004360771
0,0,-0.2830244806810088,1.3951390197158926,-0.9248480632317431,-0.43893256174123346,-1.2861306661944099,-0.43604090023904424,-1.1466184162400639
0,1,1.2438354720251472,-1.2643075685916398,2.1930624643732615,-0.43893256174123346,0.14687816124467087,-0.09417994198711468,0.990552906983358
0,1,0.720167120492762,0.0654157255621263,1.4139922959492195,2.5083743693500518,1.3193399291493733,-0.008714702424132305,1.1637033614111814
0,1,0.3012324392668539,0.0654157255621263,-0.8678031764224513,-0.43893256174123346,-1.1558571364272208,0.7604724536427091,-1.4038705199614017
0,1,0.4836988604163184,0.0654157255621263,-0.7374148637154987,-0.43893256174123346,-0.7650365471256532,1.4441943701465683,-1.0971468578321144
0,0,-0.3882720093163758,1.3951390197158926,-0.7749015036187475,-0.43893256174123346,-0.6347630173584641,-0.008714702424132305,0.391947050247168
0,1,0.5553587400996973,0.0654157255621263,0.49638454527404047,-0.43893256174123346,0.9285193398478059,0.07675053713885008,0.39689420608796294
0,0,-0.236450230326166,0.0654157255621263,-0.6836296847238807,-0.43893256174123346,-0.8953100768928424,0.3331462558277972,-0.26107752073776647
0,0,0.8473236996962547,0.0654157255621263,0.911997292027452,1.0347209038044092,0.5376987505462384,-0.008714702424132305,0.500784478744657
0,0,1.2202914176832809,-1.2643075685916398,0.6039549032572764,-0.43893256174123346,-0.11366889828970743,-0.2651104211130795,-1.3296631823494773
0,1,0.33780980940511063,0.0654157255621263,0.9185167076627996,-0.43893256174123346,1.5798869886837517,0.6750072140797267,1.5050571144260336
0,0,0.1334343376875205,1.3951390197158926,-0.7211163246271296,-0.43893256174123346,-0.37421595782408573,-0.6924366189279914,-0.31054907914571606
0,0,0.2877786939286446,0.0654157255621263,0.2698348519457103,-0.43893256174123346,0.9285193398478059,0.8459376932056916,0.8223496083963293
0,0,-0.025254457152400305,0.0654157255621263,-0.6885192464503914,-0.43893256174123346,-0.5044894875912749,0.9314029327686739,-0.8596833774739564
0,1,-1.7128119236205015,0.0654157255621263,-0.9525555796819705,1.0347209038044092,-1.1558571364272208,-0.8633670980539562,1.3516952833613898
0,0,0.6859254700312778,-1.2643075685916398,0.8826599216683876,-0.43893256174123346,0.27715169101186005,1.0168681723316564,-0.18687018312584208
0,0,-0.04613579106274608,0.0654157255621263,0.11499873060620405,1.0347209038044092,0.9285193398478059,1.1023334118946386,0.6937235565356604
0,0,1.5259436945857248,-1.2643075685916398,1.6470614049128973,1.0347209038044092,1.4496134589165623,0.3331462558277972,-0.666744299682953
0,0,-1.569679021827885,-1.2643075685916398,-0.9574451414084812,-0.43893256174123346,-1.1558571364272208,-1.8034847332467623,-0.5480125595038741
0,0,-0.5372909246944586,1.3951390197158926,-0.9248480632317431,1.0347209038044092,-1.2861306661944099,1.0168681723316564,-1.0921997019913194
0,0,-0.7304082275700055,0.0654157255621263,-0.7863104809806059,-0.43893256174123346,-0.7650365471256532,0.3331462558277972,0.24353237502331926
0,0,-0.4549801632849972,0.0654157255621263,-0.41144408194811716,1.0347209038044092,0.01660463147748173,1.0168681723316564,-0.46391091021035974
0,0,0.6444430885717989,0.0654157255621263,-0.08873300799840941,-0.43893256174123346,0.4074252207790492,1.187798651457621,0.4265771411327327
0,0,1.1721288779482326,0.0654157255621263,0.7571611706879456,1.0347209038044092,2.1009811077525082,-0.2651104211130795,-0.5381182478222841
0,0,1.0728140772918677,-1.2643075685916398,2.34137917007742,1.0347209038044092,0.7982458100806167,-0.008714702424132305,0.5947804397197612
0,0,0.22275225812729932,1.3951390197158926,-0.5336831251108852,-0.43893256174123346,0.01660463147748173,-0.2651104211130795,1.2478050107046956
0,1,-0.45745602614237596,1.3951390197158926,-0.7960896044336273,-0.43893256174123346,-0.5044894875912749,-0.5215061398020266,0.06048760891390582
0,1,0.4487564940518024,0.0654157255621263,-0.11155096272212611,-0.43893256174123346,0.27715169101186005,0.3331462558277972,-0.03350835206119838
0,0,-0.8559765173932928,1.3951390197158926,-0.7569731106215416,-0.43893256174123346,-0.2439424280568966,0.504076734953762,1.6633661013314722
0,0,0.7815031192048068,-1.2643075685916398,1.7122555612663737,-0.43893256174123346,1.1890663993821842,-1.8889499728097447,-0.43422797516559
0,1,-0.8210341510287769,0.0654157255621263,-0.8156478513396702,-0.43893256174123346,-0.8953100768928424,0.504076734953762,0.8520325434410991
1,1,-2.0093081793899974,0.0654157255621263,-0.8433553677898977,-0.43893256174123346,-0.6347630173584641,-1.4616237749948329,1.5941059195603429
0,0,-1.2017097439491522,0.0654157255621263,-0.9607048492261551,-0.43893256174123346,-1.416404195961599,-0.35057566067606183,-0.36496779339446056
0,1,1.1839476195127014,-1.2643075685916398,0.16063464005363748,1.0347209038044092,0.9285193398478059,1.0168681723316564,0.8174024525555343
0,0,-0.5485023791429664,1.3951390197158926,-0.8612837607871037,1.0347209038044092,-1.0255836066600315,-1.034297577179921,-0.09782137799153283
0,1,-0.8648989665585636,1.3951390197158926,-0.8563941990605929,-0.43893256174123346,-0.5044894875912749,0.9314029327686739,-0.36496779339446056
0,0,1.078139518154909,0.0654157255621263,1.032606481281383,-0.43893256174123346,0.6679722803134275,0.8459376932056916,0.36226411520239826
0,1,0.43591003582955384,-1.2643075685916398,0.3382887161168604,1.0347209038044092,0.9285193398478059,1.187798651457621,-0.46391091021035974
0,0,-1.3750201439656684,0.0654157255621263,-0.9052898163257002,1.0347209038044092,-1.0255836066600315,-1.4616237749948329,1.2923294132718504
0,0,0.12974390059822002,0.0654157255621263,-0.34950963341231467,-0.43893256174123346,0.4074252207790492,-0.5215061398020266,-0.17697587144425217
0,0,-0.6306729973718215,1.3951390197158926,-0.8873614233284942,-0.43893256174123346,-0.7650365471256532,1.187798651457621,-1.2999802473047077
0,1,-0.3518347823587254,1.3951390197158926,-0.6868893925415546,-0.43893256174123346,-0.11366889828970743,-0.17964518155009707,0.7184593357396353
0,0,-0.642585167723361,0.0654157255621263,-0.9378868945024383,-0.43893256174123346,-1.2861306661944099,-1.4616237749948329,0.05554045307311086
0,1,-0.4655843306175441,0.0654157255621263,-0.8938808389638419,-0.43893256174123346,-0.6347630173584641,-0.7779018584909737,-1.0575696111057546
0,0,-1.0989847925646994,0.0654157255621263,-0.9199585015052323,-0.43893256174123346,-1.0255836066600315,-1.2052280563058857,0.5502560371526066
0,0,-0.6800501113387912,0.0654157255621263,-0.942776456228949,-0.43893256174123346,-1.2861306661944099,-0.606971379365009,-1.4632363900509413
0,0,0.5965141208044281,0.0654157255621263,0.16552420178014818,-0.43893256174123346,1.3193399291493733,-0.17964518155009707,-1.5819681302300201
0,0,0.15398867084311815,0.0654157255621263,-0.7895701887982797,-0.43893256174123346,-0.8953100768928424,1.1023334118946386,-1.389029052439017
0,0,1.539397439923934,-1.2643075685916398,1.7660407402579916,3.9820278348956943,1.1890663993821842,-0.2651104211130795,-0.4243336634840001
0,0,-1.0866521926713408,0.0654157255621263,-0.9362570405936014,-0.43893256174123346,-1.2861306661944099,-1.71801949368378,0.030804673869136073
0,1,-0.36155137621409883,1.3951390197158926,-0.7634925262568892,-0.43893256174123346,-0.37421595782408573,1.4441943701465683,-0.7013743905685177
1,1,-1.226047942981121,0.0654157255621263,-0.9753735344056872,-0.43893256174123346,-1.2861306661944099,-1.2906932958688682,-0.9487321826082656
0,0,0.3321106533937858,2.7248623138696586,-0.8841017155108204,-0.43893256174123346,-1.0255836066600315,0.16221577670183246,-0.4193865076432051
0,1,1.1525088326633441,0.0654157255621263,0.3611066708405771,1.0347209038044092,1.058792869614995,0.5895419745167444,-1.5720738185484304
0,0,0.6562151157427322,-1.2643075685916398,0.3187304692108175,-0.43893256174123346,-0.6347630173584641,1.8715205679614801,-1.4038705199614017
0,0,-1.1337403013550735,0.0654157255621263,-0.4326321827629969,-0.43893256174123346,0.14687816124467087,-0.7779018584909737,1.683154724694652
0,1,-2.3461189567805856,-1.2643075685916398,-0.9916720734940563,-0.43893256174123346,0.01660463147748173,-0.17964518155009707,-1.5423908835036606
1,1,-2.076576906081044,0.0654157255621263,-0.8400956599722239,-0.43893256174123346,-0.5044894875912749,-1.9744152123727272,1.084548867958462
0,0,-0.5340209171469772,1.3951390197158926,-0.9704839726791765,-0.43893256174123346,-1.416404195961599,0.07675053713885008,0.4760486995406823
0,0,-1.4726999408482928,0.0654157255621263,-0.9884123656763825,-0.43893256174123346,-1.416404195961599,-0.35057566067606183,-1.270297312259938
0,0,0.6144524479220406,0.0654157255621263,0.6006951954396026,1.0347209038044092,1.5798869886837517,-0.5215061398020266,-1.5720738185484304
0,0,0.8416245436849299,-1.2643075685916398,1.5134133843882709,2.5083743693500518,-0.2439424280568966,0.3331462558277972,-0.23634174153379167
0,0,0.7231568416790308,1.3951390197158926,0.5534294320833322,1.0347209038044092,1.7101605184509407,1.4441943701465683,-0.02856119622040342
0,0,1.205856670080827,0.0654157255621263,1.5786075407417473,1.0347209038044092,2.4918016970540755,0.16221577670183246,0.6838292448540705
0,0,1.0633777697977072,0.0654157255621263,0.10033004542667188,-0.43893256174123346,0.27715169101186005,-0.2651104211130795,-0.31549623498651097
0,1,0.7551562012508135,0.0654157255621263,0.486605421821019,-0.43893256174123346,1.058792869614995,0.504076734953762,-0.49359384525512945
0,0,0.14973766103139227,1.3951390197158926,-0.3348409482327825,-0.43893256174123346,0.4074252207790492,-0.09417994198711468,1.7078905038986267
0,0,0.514763932117392,0.0654157255621263,-0.015389582100748565,-0.43893256174123346,0.14687816124467087,1.187798651457621,1.688101880535447
0,0,1.0388059987980607,0.0654157255621263,0.16552420178014818,-0.43893256174123346,0.5376987505462384,-0.5215061398020266,-1.5127079484588908
0,0,-0.5884431856157755,1.3951390197158926,-0.9672242648615027,1.0347209038044092,-1.416404195961599,-0.606971379365009,-1.245561533055963
0,0,1.153863550075872,-1.2643075685916398,2.7586217707396683,2.5083743693500518,1.058792869614995,-0.008714702424132305,-0.1819230272850471
0,1,-0.7517567054157057,1.3951390197158926,-0.9215883554140692,1.0347209038044092,-1.1558571364272208,-0.35057566067606183,-1.5473380393444556
0,1,1.8094533489523656,-1.2643075685916398,1.8768708060589014,1.0347209038044092,0.27715169101186005,-1.2052280563058857,0.24353237502331926
0,0,1.0042373475818285,-1.2643075685916398,1.9697724788626052,2.5083743693500518,1.5798869886837517,-1.1197628167429032,-0.7310573256132875
0,0,-0.9575803233328948,1.3951390197158926,-0.9264779171405799,-0.43893256174123346,-0.8953100768928424,0.7604724536427091,0.020910362187546157
0,1,-0.2248650607293746,1.3951390197158926,-0.872692738148962,-0.43893256174123346,-1.0255836066600315,1.4441943701465683,-1.1812485071256287
0,1,1.4890860380862554,-1.2643075685916398,2.0708234212104935,3.9820278348956943,0.27715169101186005,-0.5215061398020266,-0.4441222868471799
0,0,0.06658604053829276,1.3951390197158926,0.2910229527605901,-0.43893256174123346,1.8404340482181298,0.504076734953762,1.430849776814109
0,0,-1.508716738264124,0.0654157255621263,-0.8710628842401251,-0.43893256174123346,-0.7650365471256532,-0.09417994198711468,0.7530894266252
0,0,-0.2977395146446753,0.0654157255621263,-0.7048177855387605,-0.43893256174123346,-0.6347630173584641,1.7860553283984977,-0.20171165064822696
0,1,1.5664450737809592,-1.2643075685916398,1.2917532527864515,-0.43893256174123346,0.5376987505462384,0.9314029327686739,-1.7105941820906891
0,0,0.1870157470726807,-1.2643075685916398,0.6903371604256324,1.0347209038044092,0.14687816124467087,2.1279162866504273,-1.3395574940310673
0,1,0.5717087778371046,0.0654157255621263,0.5240920617242679,-0.43893256174123346,1.1890663993821842,0.504076734953762,0.8371910759187142
0,1,-0.6140426732732016,0.0654157255621263,-0.6298445057322628,1.0347209038044092,-0.11366889828970743,-0.2651104211130795,1.574317296197163
0,0,0.24433430794067684,1.3951390197158926,0.0009089569876205119,-0.43893256174123346,1.3193399291493733,0.24768101626481484,0.5601503488341966
0,1,-1.317561439917066,0.0654157255621263,-0.8857315694196572,-0.43893256174123346,-0.7650365471256532,0.07675053713885008,1.1439147380480017
0,0,0.6703695769839733,0.0654157255621263,1.0978006376348595,1.0347209038044092,0.9285193398478059,-0.17964518155009707,0.6640406214908907
0,0,-0.6813113999642484,0.0654157255621263,-0.9558152874996443,1.0347209038044092,-1.416404195961599,-0.5215061398020266,-0.785476039862032
0,0,-0.5209876013505869,2.7248623138696586,-0.8792121537843096,-0.43893256174123346,-0.8953100768928424,0.41861149539077963,0.9410813485754084
0,1,0.9293541747445034,-1.2643075685916398,0.9250361232981472,1.0347209038044092,0.9285193398478059,-0.7779018584909737,1.445691244336494
0,0,-0.27111231032946925,0.0654157255621263,-0.40818437413044334,-0.43893256174123346,0.4074252207790492,-0.5215061398020266,-0.7013743905685177
0,0,1.2488806265269756,-1.2643075685916398,2.613564772853184,1.0347209038044092,0.5376987505462384,-1.2052280563058857,1.6584189454906773
0,1,-0.13241727592272068,-1.2643075685916398,1.000009403104645,2.5083743693500518,1.7101605184509407,-0.17964518155009707,1.6138945429235225
0,0,-0.6689320856773544,1.3951390197158926,-0.942776456228949,-0.43893256174123346,-1.1558571364272208,1.0168681723316564,1.450638400177289
0,0,-0.5692435698727059,-1.2643075685916398,-0.20119292770815606,-0.43893256174123346,0.27715169101186005,1.5296596097095505,-0.053296975424378217
1,0,-1.1657863753203916,-1.2643075685916398,-0.16044657998723336,-0.43893256174123346,-0.2439424280568966,1.5296596097095505,1.223069231500721
0,1,-0.8392994789011374,0.0654157255621263,-0.9313674788670907,-0.43893256174123346,-1.2861306661944099,-0.09417994198711468,0.5848861280381714
0,0,0.2400365837354155,0.0654157255621263,-0.18652424252862387,1.0347209038044092,0.4074252207790492,-0.2651104211130795,1.1340204263664118
0,0,-0.23925309393829294,1.3951390197158926,-0.8743225920577989,-0.43893256174123346,-1.0255836066600315,-0.008714702424132305,0.159430725729805
0,0,1.4574136792692207,-1.2643075685916398,2.9737624867061405,3.9820278348956943,1.058792869614995,-0.2651104211130795,0.74319511494361
0,0,0.02701894921376731,-1.2643075685916398,0.2551661667661781,-0.43893256174123346,0.7982458100806167,-0.17964518155009707,0.9509756602569983
0,0,-1.6907627298717693,-1.2643075685916398,-0.9672242648615027,-0.43893256174123346,-1.416404195961599,1.1023334118946386,-0.2808661441009463
0,1,-1.36165982741453,0.0654157255621263,-0.9607048492261551,-0.43893256174123346,-1.2861306661944099,-0.17964518155009707,-0.1027685338323278
0,0,-0.41588021589582624,0.0654157255621263,-0.8759524459666358,-0.43893256174123346,-0.8953100768928424,-0.35057566067606183,-1.240614377215168
0,1,-0.418356078753205,1.3951390197158926,-0.9818929500410348,-0.43893256174123346,-1.416404195961599,-0.6924366189279914,-0.7409516372948773
0,1,-0.14176015462981054,1.3951390197158926,-0.9036599624168633,-0.43893256174123346,-1.0255836066600315,0.504076734953762,-1.3642932732350421
0,0,0.37747032951670695,0.0654157255621263,-0.6689609995443485,-0.43893256174123346,-0.6347630173584641,1.2732638910206036,-1.2950330914639128
0,0,-0.8366367584696168,0.0654157255621263,-0.9199585015052323,-0.43893256174123346,-1.2861306661944099,-0.7779018584909737,-0.5282239361406942
0,0,0.2736709470809389,0.0654157255621263,0.32850959266383895,1.0347209038044092,1.3193399291493733,0.24768101626481484,0.08027623227708565
0,0,1.2433683280897927,-1.2643075685916398,1.8768708060589014,1.0347209038044092,0.01660463147748173,1.9569858075244626,-1.1070411695137043
0,1,-2.076576906081044,1.3951390197158926,-0.8971405467815157,-0.43893256174123346,-0.6347630173584641,-0.7779018584909737,0.9658171277793831
0,0,4.941466577930091,0.0654157255621263,-0.9052898163257002,-0.43893256174123346,-1.6769512554959773,-0.17964518155009707,0.17921934909298481
0,0,1.9821564618529213,-1.2643075685916398,2.9346459928940547,3.9820278348956943,0.4074252207790492,1.3587291305835858,0.6343576864461209
0,0,-1.3455900760383355,-1.2643075685916398,-0.9395167484112752,-0.43893256174123346,-1.1558571364272208,-1.3761585354318504,-1.1020940136729094
0,1,-0.35902879896318457,1.3951390197158926,-0.502715900842984,-0.43893256174123346,0.14687816124467087,-0.09417994198711468,0.6689877773316857
0,0,0.9190302937731691,-1.2643075685916398,1.0391258969167307,1.0347209038044092,0.5376987505462384,-0.8633670980539562,1.2428578548639009
0,0,0.4176914223507287,0.0654157255621263,0.36762608647592476,-0.43893256174123346,1.4496134589165623,0.24768101626481484,0.06048760891390582
0,0,-0.0818723021173647,1.3951390197158926,-0.34787977950347776,-0.43893256174123346,0.5376987505462384,-0.606971379365009,0.4859430112222722
0,0,1.3593134528447774,-1.2643075685916398,1.456368497578979,2.5083743693500518,1.058792869614995,0.3331462558277972,-1.5671266627076355
0,0,0.6173954547147739,-1.2643075685916398,0.9331853928423317,5.455681300441337,1.7101605184509407,-1.1197628167429032,-0.9289435592450858
0,0,0.3697624545833578,0.0654157255621263,1.0130482343753402,-0.43893256174123346,2.2312546375196973,-0.2651104211130795,-0.05824413126517317
0,0,0.6419672257144201,0.0654157255621263,-0.030058267280280736,-0.43893256174123346,0.7982458100806167,0.7604724536427091,-1.0130452085386001
0,1,0.6028205639317137,-1.2643075685916398,1.8475334356998372,-0.43893256174123346,1.058792869614995,1.1023334118946386,1.1340204263664118
0,0,-0.31810699022613115,0.0654157255621263,-0.48804721566345177,-0.43893256174123346,0.01660463147748173,0.3331462558277972,-0.2313945856929967
0,0,1.067535350822362,0.0654157255621263,0.13455697751224693,-0.43893256174123346,1.4496134589165623,1.187798651457621,-0.5875898062302337
0,0,0.3320172246067149,0.0654157255621263,-0.5646503493787864,-0.43893256174123346,-0.11366889828970743,-1.71801949368378,-0.9141020917227008
0,1,-1.1545282064783484,1.3951390197158926,-0.9118092319610478,-0.43893256174123346,-0.7650365471256532,0.5895419745167444,0.4018413619287579
0,0,-0.23093793188898298,0.0654157255621263,-0.19467351207280842,-0.43893256174123346,0.27715169101186005,0.3331462558277972,-0.4094921959616152
0,0,-0.27368160197391894,1.3951390197158926,-0.9313674788670907,-0.43893256174123346,-1.2861306661944099,-0.35057566067606183,-1.6561754678419447
0,0,-0.543363795854067,1.3951390197158926,-0.8286866826103655,-0.43893256174123346,-0.8953100768928424,-0.2651104211130795,-0.09287422215073787
0,0,-0.6875244143044631,0.0654157255621263,-0.908549524143374,-0.43893256174123346,-1.2861306661944099,-1.2906932958688682,-1.017992364379395
0,0,1.3963112525248533,-1.2643075685916398,1.616094180644996,-0.43893256174123346,1.5798869886837517,0.7604724536427091,0.391947050247168
0,0,-0.24574639463972037,0.0654157255621263,-0.3381006560504563,-0.43893256174123346,0.01660463147748173,0.9314029327686739,0.1693250374113949
0,0,1.1879183429632145,0.0654157255621263,0.8337643044032803,1.0347209038044092,1.4496134589165623,0.07675053713885008,-0.8943134683595211
0,1,-0.662345356188856,1.3951390197158926,-0.22564073634070966,1.0347209038044092,0.14687816124467087,-0.6924366189279914,1.5347400494708032
1,0,-1.5677170172993964,0.0654157255621263,-0.8971405467815157,-0.43893256174123346,-0.8953100768928424,-0.43604090023904424,-1.2950330914639128
0,0,0.975180994802779,0.0654157255621263,1.7383332238077642,-0.43893256174123346,1.7101605184509407,0.5895419745167444,0.7234064915804302
0,0,-1.2725754789424284,-1.2643075685916398,-0.9052898163257002,-0.43893256174123346,-1.0255836066600315,-1.1197628167429032,-1.3939762082798117
0,0,-0.3012898085533694,0.0654157255621263,-0.7194864707182926,-0.43893256174123346,-0.7650365471256532,-0.5215061398020266,-0.3798092609168454
0,1,-2.1204884360043663,-1.2643075685916398,-0.39514554285974807,-0.43893256174123346,-1.6769512554959773,-1.1197628167429032,-0.7656874164988522
0,0,0.9180025771153892,-1.2643075685916398,0.982081010107439,1.0347209038044092,0.27715169101186005,2.042451047087445,-0.6420085204789782
0,0,-1.1542479201171358,0.0654157255621263,-0.8743225920577989,-0.43893256174123346,-0.8953100768928424,-0.8633670980539562,-1.1861956629664236
0,0,-0.1495147439566951,1.3951390197158926,-0.3984052506774219,-0.43893256174123346,0.27715169101186005,-0.008714702424132305,1.0400244653913076
0,0,0.9100611302143629,0.0654157255621263,1.4009534646785242,2.5083743693500518,0.7982458100806167,0.5895419745167444,-0.34517917003128074
0,1,1.8166940799503604,-1.2643075685916398,1.3080517918748205,-0.43893256174123346,1.5798869886837517,1.7860553283984977,-0.09287422215073787
0,0,1.6884630696955523,0.0654157255621263,0.16552420178014818,3.9820278348956943,0.6679722803134275,-0.7779018584909737,1.6138945429235225
0,0,-0.00021554221739955294,0.0654157255621263,-0.43100232885416,-0.43893256174123346,-0.2439424280568966,-0.5215061398020266,-0.34023201419048577
0,0,0.9296344611057161,-1.2643075685916398,0.9397048084776793,-0.43893256174123346,0.27715169101186005,-1.1197628167429032,0.3127925567944487
0,0,-0.7510092751191385,-1.2643075685916398,-0.7928298966159535,-0.43893256174123346,-0.8953100768928424,-1.2052280563058857,-1.4038705199614017
0,1,-0.5560701108957091,0.0654157255621263,-0.9574451414084812,-0.43893256174123346,-1.2861306661944099,1.4441943701465683,-0.48369953357353956
0,1,-0.574242009980999,0.0654157255621263,-0.5059756086606578,-0.43893256174123346,-0.11366889828970743,-1.1197628167429032,1.6633661013314722
0,0,-0.08528245284545248,0.0654157255621263,-0.48641736175461486,1.0347209038044092,-0.2439424280568966,0.5895419745167444,-1.596809597752405
0,0,-0.40593005007277555,0.0654157255621263,-0.3022438700560443,-0.43893256174123346,0.14687816124467087,-0.6924366189279914,1.1439147380480017
0,0,0.50883120413839,1.3951390197158926,0.9152569998451258,1.0347209038044092,1.7101605184509407,1.7005900888355154,1.3962196859285445
0,0,-1.5426781023643956,-1.2643075685916398,-0.8352060982457131,-0.43893256174123346,-1.1558571364272208,-1.8034847332467623,0.7135121798988403
1,1,-1.2886452303186229,0.0654157255621263,-0.9835228039498717,-0.43893256174123346,-1.416404195961599,-1.1197628167429032,0.5552031929934016
0,1,-0.8737279869367635,0.0654157255621263,-0.8140179974308334,-0.43893256174123346,-0.8953100768928424,-0.5215061398020266,0.6937235565356604
0,0,-1.1709249586092911,0.0654157255621263,-0.9574451414084812,-0.43893256174123346,-1.2861306661944099,0.8459376932056916,0.74319511494361
0,0,-0.08420802179413715,-1.2643075685916398,-0.32995138650627176,-0.43893256174123346,0.14687816124467087,-1.2052280563058857,0.10006485564026549
0,0,0.47220711960659784,0.0654157255621263,0.25027660503966737,1.0347209038044092,1.1890663993821842,-0.606971379365009,-0.2561303648969715
0,1,1.5763018108169389,-1.2643075685916398,1.3243503309631897,-0.43893256174123346,0.6679722803134275,0.5895419745167444,0.33752833599842347
0,0,1.1486782523934371,-1.2643075685916398,1.3650966786841123,-0.43893256174123346,1.058792869614995,1.1023334118946386,0.505731634585452
0,1,0.8671306025552851,-1.2643075685916398,1.2379680737948335,-0.43893256174123346,0.27715169101186005,-2.0598804519357095,-0.5084353127775143
0,0,-1.5754716066262808,0.0654157255621263,-0.9574451414084812,-0.43893256174123346,-1.416404195961599,-1.5470890145578151,1.208227763978336
0,0,0.802851597050507,0.0654157255621263,-0.6053966970997091,-0.43893256174123346,-0.5044894875912749,0.3331462558277972,-0.9932565851754203
0,0,0.8014501652444436,-1.2643075685916398,1.6845480448161463,1.0347209038044092,0.6679722803134275,-1.1197628167429032,1.2032806081375411
0,1,0.8256482210958063,0.0654157255621263,0.62840271188983,-0.43893256174123346,1.058792869614995,0.5895419745167444,0.5700446605157865
0,0,-0.6454347457290234,0.0654157255621263,-0.8694330303312882,1.0347209038044092,-0.8953100768928424,-0.7779018584909737,0.391947050247168
0,1,0.4767851301730719,-1.2643075685916398,0.0400254507997063,-0.43893256174123346,0.5376987505462384,1.9569858075244626,-1.4434477666877614
0,1,1.3426831287461576,-1.2643075685916398,2.3756061021629953,-0.43893256174123346,0.5376987505462384,0.504076734953762,-0.8497890657923665
0,1,-0.8705981225698884,1.3951390197158926,-0.7912000427071166,-0.43893256174123346,-0.6347630173584641,-0.17964518155009707,-0.4243336634840001
0,0,0.30837974147777764,1.3951390197158926,0.012317934349478865,-0.43893256174123346,0.9285193398478059,0.07675053713885008,1.4209554651325194
1,0,-1.620831282749202,0.0654157255621263,-0.9036599624168633,1.0347209038044092,-1.0255836066600315,-1.9744152123727272,-0.671691455523748
0,1,0.050516289162098243,1.3951390197158926,-0.2696467918793062,-0.43893256174123346,0.9285193398478059,-0.43604090023904424,0.2039551282969596
0,0,0.011696628134139984,-1.2643075685916398,0.4409695123735856,-0.43893256174123346,1.5798869886837517,1.615124849272533,1.7029433480578318
0,1,0.3572897115093929,0.0654157255621263,0.28287368321640555,1.0347209038044092,0.01660463147748173,-0.6924366189279914,-0.07308559878755805
0,1,1.0838386741662338,0.0654157255621263,0.8859196294860614,-0.43893256174123346,0.14687816124467087,0.9314029327686739,1.5297928936300083
0,1,-0.2301905015924158,0.0654157255621263,-0.29572445442069667,-0.43893256174123346,0.27715169101186005,-0.606971379365009,-0.5925369620710287
0,0,-0.6531426206623725,0.0654157255621263,-0.9558152874996443,-0.43893256174123346,-1.2861306661944099,-0.35057566067606183,-0.6815857672053379
0,1,-0.4959954008091215,0.0654157255621263,-0.696668515994576,-0.43893256174123346,-0.37421595782408573,0.07675053713885008,-0.8349475982699816
0,0,0.7154022523521462,0.0654157255621263,-0.5744294728318079,-0.43893256174123346,-0.5044894875912749,0.9314029327686739,-1.5176551042996858
0,1,0.25157503893867145,0.0654157255621263,-0.6135459666438937,-0.43893256174123346,-0.37421595782408573,-0.5215061398020266,-1.4483949225285564
0,0,-0.06678355300541461,1.3951390197158926,-0.8612837607871037,-0.43893256174123346,-0.8953100768928424,0.7604724536427091,-0.8300004424291866
0,1,-0.7549799985696517,2.7248623138696586,-0.9476660179554598,-0.43893256174123346,-1.1558571364272208,0.3331462558277972,0.3226868684760386
0,1,-0.06267268637429509,0.0654157255621263,-0.1914138042551346,1.0347209038044092,0.9285193398478059,0.7604724536427091,1.3813782184061596
0,0,0.20037606362381916,0.0654157255621263,0.5827668024423965,-0.43893256174123346,1.7101605184509407,-0.008714702424132305,0.6393048422869159
0,1,-0.1424141561393068,0.0654157255621263,-0.42122320540113856,-0.43893256174123346,0.27715169101186005,0.7604724536427091,1.089496023799257
0,1,0.2004227780173546,2.7248623138696586,-0.35765890295649916,-0.43893256174123346,0.6679722803134275,-0.5215061398020266,-0.8547362216331614
0,0,-1.4293489836473958,0.0654157255621263,-0.9020301085080263,1.0347209038044092,-1.0255836066600315,-1.3761585354318504,-0.20171165064822696
0,0,0.2554056192085783,0.0654157255621263,-0.4798979461192673,1.0347209038044092,0.01660463147748173,-0.17964518155009707,0.07532907643629069
0,0,-0.026679246155231505,0.0654157255621263,-0.4782680922104304,-0.43893256174123346,-0.11366889828970743,-0.09417994198711468,0.4958373229038621
0,1,-0.259854141487426,0.0654157255621263,-0.6542923143648164,-0.43893256174123346,-0.6347630173584641,1.187798651457621,-1.4780778575733262
0,0,0.11161871590646574,1.3951390197158926,-0.714596908991782,-0.43893256174123346,-0.37421595782408573,1.1023334118946386,0.03575182970993103
0,0,-0.026679246155231505,1.3951390197158926,-0.9313674788670907,-0.43893256174123346,-1.2861306661944099,0.9314029327686739,1.5347400494708032
0,1,-0.026679246155231505,1.3951390197158926,-0.9672242648615027,-0.43893256174123346,-1.416404195961599,0.41861149539077963,-0.9190492475634958
0,0,-1.4508376046737026,0.0654157255621263,-0.9264779171405799,-0.43893256174123346,-1.1558571364272208,-0.35057566067606183,1.3714839067245697
0,0,1.886859099040605,-1.2643075685916398,2.1425369931993172,2.5083743693500518,0.6679722803134275,1.7860553283984977,-0.9338907150858807
0,0,-0.026679246155231505,0.0654157255621263,-0.9362570405936014,-0.43893256174123346,-1.2861306661944099,-0.2651104211130795,-1.1614598837624488
0,0,-1.169990670738582,1.3951390197158926,-0.9737436804968503,-0.43893256174123346,-1.1558571364272208,-0.606971379365009,-0.20171165064822696
0,0,-0.3264688666689765,1.3951390197158926,-0.9346271866847645,-0.43893256174123346,-1.2861306661944099,-0.9488323376169385,1.0202358420281277
0,0,1.1003288550842474,-1.2643075685916398,1.3813952177724813,-0.43893256174123346,0.7982458100806167,-0.8633670980539562,-1.4632363900509413
0,0,0.08447765326236978,1.3951390197158926,-0.4652292609397351,-0.43893256174123346,0.27715169101186005,-0.2651104211130795,-0.45896375436956477
0,0,-1.3673589834258548,0.0654157255621263,-0.8466150756075714,-0.43893256174123346,-0.6347630173584641,-0.35057566067606183,-0.4193865076432051
0,0,-0.6103522361839011,0.0654157255621263,-0.9362570405936014,-0.43893256174123346,-1.2861306661944099,-0.2651104211130795,-1.1614598837624488
0,1,-0.48090665169717145,1.3951390197158926,-0.8694330303312882,-0.43893256174123346,-1.1558571364272208,-0.5215061398020266,1.2032806081375411
0,0,-1.0352663597823468,0.0654157255621263,-0.9721138265880134,-0.43893256174123346,-1.0255836066600315,-0.2651104211130795,-1.5275494159812757
0,0,0.5588156052213206,1.3951390197158926,0.33013944657267585,-0.43893256174123346,1.058792869614995,1.1023334118946386,-0.09782137799153283
0,1,-0.558545973753088,1.3951390197158926,-0.9802630961321979,-0.43893256174123346,-1.416404195961599,-0.43604090023904424,-1.5621795068668405
0,1,-1.1769044009818286,0.0654157255621263,-0.9036599624168633,-0.43893256174123346,-0.8953100768928424,-0.2651104211130795,-1.0476752994241647
0,1,0.5553587400996973,0.0654157255621263,0.49638454527404047,-0.43893256174123346,0.9285193398478059,0.07675053713885008,0.39689420608796294
0,0,-0.042678925941122846,1.3951390197158926,-0.21912132070536203,-0.43893256174123346,-0.11366889828970743,-0.008714702424132305,1.0499187770728975
0,0,0.4013413846133215,1.3951390197158926,-0.536942832928559,-0.43893256174123346,0.01660463147748173,0.6750072140797267,1.579264452037958
0,0,0.6415000817790656,0.0654157255621263,0.23723777376897212,-0.43893256174123346,0.7982458100806167,-0.2651104211130795,-1.2950330914639128
0,0,-0.6650547910139121,0.0654157255621263,-0.6917789542680652,-0.43893256174123346,-0.6347630173584641,1.3587291305835858,-1.4088176758021966
0,1,-0.7048554543061147,0.0654157255621263,-0.4000351045862588,-0.43893256174123346,-0.11366889828970743,1.0168681723316564,1.6386303221274974
0,0,-0.347630486940535,0.0654157255621263,0.2323482120424614,-0.43893256174123346,1.4496134589165623,-0.09417994198711468,1.3418009716797998
0,0,-0.7009781596426725,1.3951390197158926,-0.7618626723480523,-0.43893256174123346,-0.5044894875912749,0.16221577670183246,1.6683132571722672
0,0,-0.21491489490632393,0.0654157255621263,-0.47174867657508274,-0.43893256174123346,0.14687816124467087,1.5296596097095505,0.44636576449591253
0,0,0.7069936615157654,0.0654157255621263,0.4442292201912594,-0.43893256174123346,0.9285193398478059,1.3587291305835858,-0.7904231957028269
0,0,0.23788772163278485,0.0654157255621263,-0.26801693797046927,-0.43893256174123346,0.4074252207790492,1.615124849272533,1.5100042702668286
0,1,-0.700511015707318,1.3951390197158926,-0.7553432567127046,-0.43893256174123346,-0.5044894875912749,1.3587291305835858,1.5198985819484185
0,0,0.8145301954343693,0.0654157255621263,0.33176930048151276,-0.43893256174123346,0.9285193398478059,-0.6924366189279914,1.4110611534509294
0,0,1.3164763539727706,0.0654157255621263,1.919247007688661,3.9820278348956943,0.14687816124467087,-0.2651104211130795,0.2534266867049092
0,0,-0.4115824916905649,1.3951390197158926,-0.9704839726791765,-0.43893256174123346,-1.416404195961599,-0.008714702424132305,-1.1020940136729094
0,0,1.3377314030314,-1.2643075685916398,1.651950966639408,1.0347209038044092,0.7982458100806167,2.1279162866504273,-0.9685208059714454
0,1,-0.8193991472550362,0.0654157255621263,-0.7162267629006188,-0.43893256174123346,-0.5044894875912749,-1.8034847332467623,0.7283536474212251
0,1,0.26087120325222585,0.0654157255621263,-0.04635680636864981,-0.43893256174123346,0.5376987505462384,-0.8633670980539562,0.14953641404821508
1,0,-1.3696012743155563,-1.2643075685916398,-0.8449852216987346,-0.43893256174123346,-1.1558571364272208,0.24768101626481484,0.8668740109634839
0,0,-0.029785753325338876,-1.2643075685916398,-0.6657012917266747,-0.43893256174123346,-0.6347630173584641,1.7860553283984977,-1.126829792876884
0,0,-0.7440021160888212,2.7248623138696586,-0.9020301085080263,-0.43893256174123346,-1.0255836066600315,-0.2651104211130795,-1.2307200655335782
0,0,-1.275938915276981,1.3951390197158926,-0.9395167484112752,-0.43893256174123346,-0.7650365471256532,-0.35057566067606183,-0.9982037410162152
0,0,-0.8116445579281516,2.7248623138696586,-0.9916720734940563,-0.43893256174123346,-1.416404195961599,-0.2651104211130795,-1.3593461173942472
0,1,0.6423876552562392,-1.2643075685916398,0.37577535602010925,-0.43893256174123346,1.058792869614995,-0.2651104211130795,-0.4688580660511547
0,1,0.5539105939000984,0.0654157255621263,1.2363382198859965,1.0347209038044092,1.058792869614995,0.24768101626481484,1.1933862964559512
0,0,0.10180869326402142,0.0654157255621263,-0.9362570405936014,-0.43893256174123346,-1.2861306661944099,-0.008714702424132305,-1.0921997019913194
0,0,-1.553842842419368,-1.2643075685916398,-0.8759524459666358,-0.43893256174123346,-1.2861306661944099,0.8459376932056916,0.9608699719385881
0,0,-1.1112706780645225,0.0654157255621263,-0.872692738148962,-0.43893256174123346,-0.7650365471256532,-0.09417994198711468,0.3325811801576285
0,0,-0.8108036988445134,0.0654157255621263,-0.9672242648615027,-0.43893256174123346,-1.416404195961599,-0.43604090023904424,0.43647145281432265
0,0,-0.40564976371156286,0.0654157255621263,-0.9737436804968503,-0.43893256174123346,-1.416404195961599,-0.2651104211130795,-0.3352848583496908
0,1,-0.6171725376400767,1.3951390197158926,-0.9020301085080263,-0.43893256174123346,-1.0255836066600315,0.9314029327686739,-1.2999802473047077
0,1,-0.9364187030613362,-1.2643075685916398,-0.013759728191911657,-0.43893256174123346,-0.11366889828970743,-0.2651104211130795,0.6343576864461209
0,0,-1.1609747927862404,0.0654157255621263,-0.9411466023201122,-0.43893256174123346,-1.2861306661944099,-1.2052280563058857,0.4760486995406823
0,1,-0.9711742118517105,0.0654157255621263,-0.9281077710494169,-0.43893256174123346,-1.2861306661944099,-0.35057566067606183,-1.0773582344689345
0,0,1.8956881194188049,-1.2643075685916398,0.7783492715028255,2.5083743693500518,1.058792869614995,-1.3761585354318504,-0.8003175073844169
0,1,-0.798798099705903,1.3951390197158926,-0.9509257257731336,-0.43893256174123346,-1.0255836066600315,-0.35057566067606183,-0.8201061307475968
0,1,0.8824996380284479,1.3951390197158926,-0.6298445057322628,-0.43893256174123346,0.27715169101186005,0.16221577670183246,-0.5529597153446689
0,0,-0.97477122015394,1.3951390197158926,-0.9215883554140692,1.0347209038044092,-1.1558571364272208,-0.8633670980539562,0.3325811801576285
0,0,0.4013413846133215,1.3951390197158926,-0.536942832928559,-0.43893256174123346,0.01660463147748173,0.6750072140797267,1.579264452037958
0,0,-1.469710219662024,-1.2643075685916398,-0.9525555796819705,-0.43893256174123346,-1.416404195961599,-1.4616237749948329,0.8223496083963293
0,0,-0.4404987012890079,-1.2643075685916398,-0.8384658060633869,-0.43893256174123346,-1.0255836066600315,0.41861149539077963,-1.4187119874837866
0,0,-0.5620028388747113,0.0654157255621263,-0.7211163246271296,-0.43893256174123346,-0.7650365471256532,-1.2052280563058857,0.7234064915804302
0,0,-0.8665806847258398,1.3951390197158926,-0.8824718616019834,-0.43893256174123346,-0.7650365471256532,1.4441943701465683,-0.03845550790199334
0,0,-0.7261572177582796,1.3951390197158926,-0.9672242648615027,-0.43893256174123346,-1.416404195961599,1.7005900888355154,-0.3600206375536656
0,0,-1.4158018095221157,0.0654157255621263,-0.9004002545991895,-0.43893256174123346,-0.7650365471256532,-0.8633670980539562,1.5347400494708032
0,1,1.236734884207759,-1.2643075685916398,2.3919046412513643,1.0347209038044092,1.058792869614995,1.7860553283984977,1.2824351015902604
0,0,1.4343367688627089,-1.2643075685916398,2.9460549702559127,2.5083743693500518,1.058792869614995,1.9569858075244626,-0.38970357259843535
0,0,-0.003578978551951893,-1.2643075685916398,-0.5320532712020483,-0.43893256174123346,-0.2439424280568966,0.9314029327686739,-0.4787523777327446
0,0,1.2187031283030756,-1.2643075685916398,1.0016392570134818,-0.43893256174123346,0.4074252207790492,-0.17964518155009707,1.0202358420281277
0,0,0.042014269538646495,0.0654157255621263,0.4458590741000963,1.0347209038044092,1.4496134589165623,1.0168681723316564,1.094443179640052
0,0,0.8448478368388759,-1.2643075685916398,1.0505348742785892,-0.43893256174123346,0.27715169101186005,-1.1197628167429032,-0.5282239361406942
0,0,0.8150907681567947,0.0654157255621263,0.20138098777456015,-0.43893256174123346,0.27715169101186005,-0.35057566067606183,-1.265350156419143
0,0,-0.2755968921088724,0.0654157255621263,-0.6445131909117949,-0.43893256174123346,-0.37421595782408573,-0.2651104211130795,0.7085650240580453
0,0,1.186096481615332,-1.2643075685916398,0.9152569998451258,-0.43893256174123346,0.27715169101186005,0.3331462558277972,-1.6512283120011497
0,1,1.0248851095244969,-1.2643075685916398,1.3569474091399276,-0.43893256174123346,1.058792869614995,1.3587291305835858,-0.6222198971157984
0,1,-0.5441579405441697,0.0654157255621263,-0.9118092319610478,-0.43893256174123346,-1.1558571364272208,0.16221577670183246,-0.4045450401208202
0,0,-0.898112900362268,-1.2643075685916398,-0.023538851644933103,-0.43893256174123346,0.27715169101186005,0.3331462558277972,1.564422984515573
0,0,0.7821104063207677,-1.2643075685916398,0.8647315286711816,-0.43893256174123346,0.14687816124467087,-0.008714702424132305,-1.730382805453869
0,1,-0.40420161751196393,0.0654157255621263,-0.7097073472652713,-0.43893256174123346,-0.5044894875912749,-0.17964518155009707,1.336853815839005
0,0,-1.1988134515499542,1.3951390197158926,-0.8694330303312882,-0.43893256174123346,-0.6347630173584641,-0.2651104211130795,0.8866626343266638
0,1,1.9544081120928645,-1.2643075685916398,2.783069579372222,3.9820278348956943,1.3193399291493733,-0.09417994198711468,-1.0724110786281396
0,0,-0.6326350019003104,-1.2643075685916398,-0.049616514186323624,-0.43893256174123346,0.4074252207790492,-0.43604090023904424,1.4803213352220588
0,1,0.6032409934735328,0.0654157255621263,-0.09525242363375704,1.0347209038044092,0.7982458100806167,1.615124849272533,-0.9883094293346253
0,0,0.2804912485371145,0.0654157255621263,0.15085551660061602,-0.43893256174123346,1.3193399291493733,0.8459376932056916,-0.196764494807432
0,0,-0.27737203906321944,1.3951390197158926,-0.9297376249582537,2.5083743693500518,-1.2861306661944099,1.187798651457621,-1.369240429075837
0,0,-1.6546992180624027,0.0654157255621263,-0.9297376249582537,-0.43893256174123346,-0.7650365471256532,-0.7779018584909737,-1.6957527145683042
0,0,-1.1155684022697838,0.0654157255621263,-0.9248480632317431,-0.43893256174123346,-1.2861306661944099,-1.4616237749948329,0.01101605050595624
0,1,-0.11569352303702989,0.0654157255621263,0.31221105357546985,-0.43893256174123346,0.9285193398478059,0.504076734953762,0.10006485564026549
0,0,-0.057347245511253885,0.0654157255621263,-0.0659150532746927,-0.43893256174123346,0.7982458100806167,1.3587291305835858,0.7283536474212251
0,0,1.489786753989287,-1.2643075685916398,1.6323927197333652,1.0347209038044092,0.6679722803134275,1.4441943701465683,0.29300393343126885
0,0,-0.504871135580857,1.3951390197158926,-0.9835228039498717,-0.43893256174123346,-1.416404195961599,1.615124849272533,-1.0526224552649597
0,0,0.7225028401695345,0.0654157255621263,1.4498490819436314,-0.43893256174123346,1.3193399291493733,-0.09417994198711468,0.8668740109634839
0,0,-1.3449360745288392,1.3951390197158926,-0.8743225920577989,-0.43893256174123346,-0.8953100768928424,-0.09417994198711468,-0.8102118190660068
0,0,-0.8208940078481705,0.0654157255621263,-0.6999282238122498,-0.43893256174123346,-0.37421595782408573,-0.6924366189279914,0.34247549183921844
0,1,-0.805758544342685,0.0654157255621263,-0.9411466023201122,-0.43893256174123346,-1.2861306661944099,0.24768101626481484,0.36721127104319323
0,0,2.004906371504685,1.3951390197158926,1.0586841438227736,2.5083743693500518,0.4074252207790492,-0.008714702424132305,1.5446343611523932
0,0,0.6164144524505294,0.0654157255621263,0.8468031356739756,-0.43893256174123346,0.7982458100806167,0.9314029327686739,1.1686505172519763
0,0,-0.563123984319562,0.0654157255621263,-0.7781612114364214,-0.43893256174123346,-0.7650365471256532,1.2732638910206036,0.7333008032620201
0,1,0.6028205639317137,-1.2643075685916398,1.8475334356998372,-0.43893256174123346,1.058792869614995,1.1023334118946386,1.1340204263664118
0,0,0.37088360002820864,0.0654157255621263,-0.8645434686047775,-0.43893256174123346,-1.0255836066600315,-0.09417994198711468,-0.5678011828670538
0,1,-0.510710434772788,-1.2643075685916398,-0.6510326065471426,-0.43893256174123346,-0.6347630173584641,-1.5470890145578151,-0.5430654036630791
0,0,0.23914901025824198,0.0654157255621263,0.680558036972611,1.0347209038044092,1.5798869886837517,0.6750072140797267,-0.9784151176530353
0,1,0.39807137706584006,0.0654157255621263,1.2852338371511038,-0.43893256174123346,2.1009811077525082,-0.8633670980539562,0.4958373229038621
0,0,0.5070560571840429,0.0654157255621263,0.31221105357546985,-0.43893256174123346,1.058792869614995,0.7604724536427091,1.5495815169931881
0,0,-1.5200216214997027,0.0654157255621263,-0.9558152874996443,-0.43893256174123346,-1.2861306661944099,-1.034297577179921,-0.48369953357353956
0,0,-1.5343629403150856,0.0654157255621263,-0.9215883554140692,-0.43893256174123346,-1.1558571364272208,-0.9488323376169385,-0.21160596232981688
0,0,1.099254424032932,0.0654157255621263,0.8891793373037352,-0.43893256174123346,0.4074252207790492,-0.606971379365009,1.693049036376242
0,1,0.8607774450344641,0.0654157255621263,0.39370374901731525,-0.43893256174123346,1.3193399291493733,-0.606971379365009,0.6393048422869159
0,0,1.2830755625949244,-1.2643075685916398,1.6617300900924294,-0.43893256174123346,0.01660463147748173,-0.09417994198711468,-1.7155413379314841
0,0,0.5634403301813301,2.7248623138696586,-0.28105576924116454,1.0347209038044092,0.9285193398478059,1.9569858075244626,-1.6561754678419447
0,0,1.169980015845602,0.0654157255621263,2.163725094014197,1.0347209038044092,1.8404340482181298,1.187798651457621,0.8916097901674588
0,0,-0.09803548228063011,0.0654157255621263,-0.3218021169620872,-0.43893256174123346,0.4074252207790492,-0.2651104211130795,-0.6073784295934135
0,0,0.40325667474827487,1.3951390197158926,0.21604967295409233,-0.43893256174123346,1.9707075779853191,-0.17964518155009707,0.08027623227708565
0,1,-0.42414866355160075,1.3951390197158926,-0.5646503493787864,-0.43893256174123346,0.01660463147748173,1.615124849272533,0.8421382317595092
0,0,1.6689364531977346,-1.2643075685916398,3.025917811788921,3.9820278348956943,1.8404340482181298,-1.6325542541207976,-0.08297991046914796
0,0,0.27628695311892404,0.0654157255621263,-0.02027914382725929,-0.43893256174123346,1.3193399291493733,-0.7779018584909737,-0.4094921959616152
0,0,-0.7561945728015734,0.0654157255621263,-0.890621131146168,-0.43893256174123346,-0.8953100768928424,-1.8034847332467623,-0.7607402606580572
0,0,0.632484203826724,-1.2643075685916398,0.9022181685744305,-0.43893256174123346,1.4496134589165623,0.8459376932056916,-0.9883094293346253
0,1,-0.8876021618167919,0.0654157255621263,-0.9118092319610478,-0.43893256174123346,-1.1558571364272208,-0.6924366189279914,-0.7112687022501076
0,0,0.06639918296415095,0.0654157255621263,0.734343215964229,1.0347209038044092,0.7982458100806167,-0.008714702424132305,1.6237888546051125
0,0,0.9227674452560051,0.0654157255621263,1.3357593083250479,-0.43893256174123346,1.3193399291493733,0.8459376932056916,1.1834919847743612
0,0,0.7723938124653942,-1.2643075685916398,1.1303977158115976,-0.43893256174123346,1.9707075779853191,-1.6325542541207976,0.8817154784858688
0,0,0.060746741346361606,1.3951390197158926,-0.2761662075146538,-0.43893256174123346,0.5376987505462384,-0.5215061398020266,0.738247959102815
0,1,-0.9711742118517105,0.0654157255621263,-0.9281077710494169,-0.43893256174123346,-1.2861306661944099,-0.35057566067606183,-1.0773582344689345
0,0,-0.4642763275985516,0.0654157255621263,-0.31202299350906576,-0.43893256174123346,0.6679722803134275,-0.6924366189279914,1.6188416987643175
0,0,0.10068754781917065,1.3951390197158926,0.21604967295409233,-0.43893256174123346,2.2312546375196973,-0.35057566067606183,1.223069231500721
0,1,-0.1067710738717591,-1.2643075685916398,1.2770845676069191,1.0347209038044092,0.9285193398478059,1.187798651457621,1.6040002312419328
0,0,0.5256951002046871,-1.2643075685916398,0.5126830843624095,1.0347209038044092,-0.11366889828970743,-0.43604090023904424,-1.250508688896758
0,0,0.24213873144451073,1.3951390197158926,-0.10177183926910467,-0.43893256174123346,1.4496134589165623,-0.2651104211130795,0.006068894665161283
0,0,-0.24200924315688443,0.0654157255621263,0.7783492715028255,1.0347209038044092,1.9707075779853191,-0.5215061398020266,1.213174919819131
0,0,1.2602789385496254,-1.2643075685916398,0.37903506383778307,-0.43893256174123346,1.1890663993821842,-0.17964518155009707,-0.5282239361406942
0,0,0.0945679622660268,0.0654157255621263,0.434450096738238,-0.43893256174123346,1.5798869886837517,0.9314029327686739,0.159430725729805
0,0,1.5073046515650805,-1.2643075685916398,0.7979075184088684,-0.43893256174123346,0.4074252207790492,-1.6325542541207976,-1.02293952022019
0,1,-0.27349474439977717,1.3951390197158926,-0.8091284357043226,-0.43893256174123346,-0.5044894875912749,-0.5215061398020266,1.6138945429235225
0,0,1.0083482142129478,0.0654157255621263,1.635652427551039,-0.43893256174123346,1.4496134589165623,0.3331462558277972,1.1241261146848218
0,0,1.2882141458838239,-1.2643075685916398,1.4628879132143267,-0.43893256174123346,0.9285193398478059,-1.4616237749948329,-1.4385006108469665
0,0,-1.4468201668296539,-1.2643075685916398,-0.8971405467815157,-0.43893256174123346,-1.0255836066600315,-0.6924366189279914,0.3523698035208083
0,1,-0.0087175618408513,0.0654157255621263,-0.5793190345583187,-0.43893256174123346,-0.37421595782408573,-0.9488323376169385,-1.2059842863296035
0,0,0.17781301154619722,0.0654157255621263,0.39207389510847834,-0.43893256174123346,1.4496134589165623,0.5895419745167444,1.109284647162437
0,0,-0.8835380095792078,0.0654157255621263,-0.8775822998754728,-0.43893256174123346,-1.0255836066600315,-0.7779018584909737,-0.3006547674641261
0,0,-0.6617380690728952,0.0654157255621263,-0.8303165365192025,-0.43893256174123346,-1.0255836066600315,-0.2651104211130795,-0.3550734817128707
0,1,-1.1543413489042067,0.0654157255621263,-0.8009791661601381,-0.43893256174123346,-1.0255836066600315,-0.09417994198711468,1.1933862964559512
0,1,1.645999685971829,-1.2643075685916398,2.0887518142076993,-0.43893256174123346,0.5376987505462384,-1.2052280563058857,0.18416650493377976
0,0,0.8398026823370474,-1.2643075685916398,1.9469545241388886,-0.43893256174123346,0.9285193398478059,-0.17964518155009707,0.22374375166013943
0,1,-0.6659423644910856,0.0654157255621263,-0.8563941990605929,-0.43893256174123346,-1.0255836066600315,-0.606971379365009,-1.0476752994241647
0,0,-0.6797698249775785,0.0654157255621263,-0.9232182093229061,-0.43893256174123346,-1.0255836066600315,-0.35057566067606183,-1.483025013414121
0,1,-2.26334105143577,0.0654157255621263,-0.996561635220567,-0.43893256174123346,-1.9374983150303555,-0.35057566067606183,0.43647145281432265
0,0,0.31038846039980195,1.3951390197158926,0.16063464005363748,-0.43893256174123346,2.2312546375196973,-0.606971379365009,1.1488618938887967
0,1,1.405140272903053,-1.2643075685916398,1.0456453125520784,-0.43893256174123346,0.27715169101186005,1.7860553283984977,-1.3296631823494773
0,0,-1.1148676863667522,1.3951390197158926,-0.8009791661601381,-0.43893256174123346,-0.7650365471256532,0.9314029327686739,1.0449716212321025
0,1,1.0301171216004672,-1.2643075685916398,1.4791864523026959,2.5083743693500518,0.01660463147748173,-1.5470890145578151,-1.131776948717679
0,0,-1.5047927292071464,0.0654157255621263,-0.9052898163257002,-0.43893256174123346,-1.0255836066600315,0.7604724536427091,0.5354145696302218
0,0,0.23746729209096581,0.0654157255621263,1.4694073288496743,1.0347209038044092,1.4496134589165623,-0.5215061398020266,1.0449716212321025
0,0,0.05280529444533525,1.3951390197158926,-0.5581309337434388,1.0347209038044092,0.27715169101186005,0.9314029327686739,0.278162465908884
0,0,0.8095784697196118,0.0654157255621263,0.42630082719405343,-0.43893256174123346,1.5798869886837517,-0.5215061398020266,-1.6759640912051244
0,1,-0.27349474439977717,1.3951390197158926,-0.8091284357043226,-0.43893256174123346,-0.5044894875912749,-0.5215061398020266,1.6138945429235225
0,0,-1.3370413420213483,0.0654157255621263,-0.8531344912429191,-0.43893256174123346,-0.8953100768928424,-1.6325542541207976,1.5297928936300083
0,1,-1.3370413420213483,0.0654157255621263,-0.5516115181080912,-0.43893256174123346,0.27715169101186005,-1.6325542541207976,1.3764310625653646
0,1,-1.9945931454263308,0.0654157255621263,-0.9655944109526657,-0.43893256174123346,-1.2861306661944099,-1.71801949368378,-0.8052646632252118
0,1,0.7396470225970443,-1.2643075685916398,0.9771914483809282,-0.43893256174123346,0.14687816124467087,0.8459376932056916,-0.7409516372948773
0,0,0.9350533307558282,0.0654157255621263,0.7653104402321302,1.0347209038044092,0.5376987505462384,-0.17964518155009707,1.3220123483166202
0,1,0.34019224347541854,0.0654157255621263,0.9641526171102329,-0.43893256174123346,1.7101605184509407,0.16221577670183246,0.8866626343266638
0,0,-0.9354377007970919,0.0654157255621263,-0.8841017155108204,-0.43893256174123346,-0.7650365471256532,-1.71801949368378,-1.2900859356231178
0,0,1.0710856447310562,1.3951390197158926,0.5811369485335597,-0.43893256174123346,1.5798869886837517,0.6750072140797267,0.6145690630829411
0,0,0.6477598105128158,-1.2643075685916398,1.2232993886153012,-0.43893256174123346,0.6679722803134275,-0.7779018584909737,1.104337491321642
0,1,-0.025301171545935756,2.7248623138696586,-0.9753735344056872,-0.43893256174123346,-1.416404195961599,1.3587291305835858,0.22374375166013943
0,1,0.001419461556341168,0.0654157255621263,0.292652806669427,-0.43893256174123346,1.1890663993821842,0.41861149539077963,1.5495815169931881
0,0,-0.44689857320336446,0.0654157255621263,-0.8482449295164084,-0.43893256174123346,-1.0255836066600315,-1.4616237749948329,0.8817154784858688
0,0,-1.0072844380546127,-1.2643075685916398,-0.8352060982457131,-0.43893256174123346,-1.1558571364272208,-1.5470890145578151,-0.2660246765785614
0,1,-0.9795828026880913,-1.2643075685916398,-0.714596908991782,-0.43893256174123346,-0.8953100768928424,0.504076734953762,1.2032806081375411
0,1,0.6577566907294019,0.0654157255621263,0.07751209070295517,-0.43893256174123346,0.6679722803134275,1.0168681723316564,0.8470853876003042
0,0,-0.6852354090212261,1.3951390197158926,-0.9655944109526657,-0.43893256174123346,-1.416404195961599,-0.5215061398020266,0.510678790426247
0,1,0.2605442024974777,0.0654157255621263,-0.8563941990605929,-0.43893256174123346,-1.0255836066600315,1.5296596097095505,-0.46391091021035974
0,0,1.160730565925583,-1.2643075685916398,-0.01864928991842238,-0.43893256174123346,0.14687816124467087,0.3331462558277972,-1.1911428188072186
0,0,0.5601236082403132,0.0654157255621263,0.6609997900665682,-0.43893256174123346,0.27715169101186005,1.1023334118946386,1.5396872053115982
0,0,1.1271429169735951,-1.2643075685916398,0.7278238003288814,1.0347209038044092,-0.11366889828970743,0.5895419745167444,-1.5671266627076355
0,0,0.7237174144014562,0.0654157255621263,0.8256150348590958,-0.43893256174123346,2.2312546375196973,-0.43604090023904424,1.6435774779682923
0,0,-0.6959797195343794,1.3951390197158926,-0.9655944109526657,-0.43893256174123346,-1.1558571364272208,0.16221577670183246,-0.3303377025088959
0,0,-0.22318334256209843,1.3951390197158926,-0.6070265510085461,1.0347209038044092,0.27715169101186005,0.5895419745167444,1.2626464782270805
0,1,-0.9386609939510379,0.0654157255621263,-0.9590749953173181,-0.43893256174123346,-1.416404195961599,-0.606971379365009,0.12974779068503522
0,1,-1.1556026375296637,2.7248623138696586,-0.8400956599722239,-0.43893256174123346,-0.5044894875912749,0.6750072140797267,0.8322439200779193
0,1,0.8514345663273741,0.0654157255621263,0.7213043846935338,-0.43893256174123346,1.4496134589165623,-0.606971379365009,-0.053296975424378217
0,0,-0.5620028388747113,0.0654157255621263,-0.7211163246271296,-0.43893256174123346,-0.7650365471256532,-1.2052280563058857,0.7234064915804302
0,0,-0.10611707236226281,1.3951390197158926,-0.2582378145174478,-0.43893256174123346,0.7982458100806167,-0.606971379365009,-0.5776954945486438
0,0,-1.275658628915768,0.0654157255621263,-0.9721138265880134,-0.43893256174123346,-1.416404195961599,-1.6325542541207976,1.2428578548639009
0,1,1.3039101821117347,0.0654157255621263,0.39044404119964143,-0.43893256174123346,0.7982458100806167,1.2732638910206036,-1.6957527145683042
0,0,-0.3564595073187349,0.0654157255621263,-0.8498747834252453,-0.43893256174123346,-0.8953100768928424,-1.3761585354318504,-1.6858584028867143
0,1,-0.18660597242384172,0.0654157255621263,-0.3218021169620872,-0.43893256174123346,0.14687816124467087,1.4441943701465683,0.8520325434410991
0,1,0.5614783256528412,0.0654157255621263,1.0440154586432415,1.0347209038044092,1.058792869614995,0.41861149539077963,1.089496023799257
0,0,1.091359691525441,0.0654157255621263,0.5599488477186798,-0.43893256174123346,1.058792869614995,1.2732638910206036,-1.379134740757427
0,0,0.1665081283106185,1.3951390197158926,0.01720749607598959,-0.43893256174123346,1.058792869614995,1.615124849272533,1.4160083092917244
0,0,1.0898648309323067,2.7248623138696586,0.6447012509781991,-0.43893256174123346,1.3193399291493733,1.0168681723316564,0.5205731021078369
0,1,1.441016927138278,-1.2643075685916398,1.12387830017625,2.5083743693500518,1.4496134589165623,1.9569858075244626,1.1290732705256168
0,0,-0.6051669385014663,1.3951390197158926,-0.9166987936875585,-0.43893256174123346,-0.8953100768928424,1.2732638910206036,1.232963543182311
0,1,1.8071643436691287,-1.2643075685916398,3.0291775196065953,1.0347209038044092,0.4074252207790492,-1.8889499728097447,-1.0773582344689345
0,0,-1.158125214780578,0.0654157255621263,-0.908549524143374,-0.43893256174123346,-1.2861306661944099,-1.4616237749948329,-0.5430654036630791
0,0,-0.4642763275985516,0.0654157255621263,-0.31202299350906576,-0.43893256174123346,0.6679722803134275,-0.6924366189279914,1.6188416987643175
0,0,-0.6423983101492192,0.0654157255621263,-0.5679100571964603,-0.43893256174123346,0.01660463147748173,0.7604724536427091,0.510678790426247
0,0,-0.3153041266140042,1.3951390197158926,-0.7618626723480523,-0.43893256174123346,-0.8953100768928424,-1.1197628167429032,-1.265350156419143
0,0,1.3837450806638174,-1.2643075685916398,1.9436948163212147,2.5083743693500518,0.4074252207790492,1.8715205679614801,-1.4434477666877614
0,0,-0.7949675194359962,-1.2643075685916398,-0.7928298966159535,-0.43893256174123346,-0.8953100768928424,-1.9744152123727272,0.09511769979947053
0,1,0.3984450922141236,0.0654157255621263,-0.14088833308119045,-0.43893256174123346,0.27715169101186005,-0.606971379365009,0.8322439200779193
0,0,-0.8090752662837019,2.7248623138696586,-0.9802630961321979,-0.43893256174123346,-1.416404195961599,1.1023334118946386,-0.9734679618122404
0,0,1.2211322767669188,-1.2643075685916398,0.7473820472349242,-0.43893256174123346,0.27715169101186005,1.8715205679614801,-0.7607402606580572
0,1,1.4251340333362255,-1.2643075685916398,0.6153638806191347,-0.43893256174123346,0.01660463147748173,1.615124849272533,-0.7162158580909026
0,0,-0.28260405113918974,0.0654157255621263,-0.9101793780522108,-0.43893256174123346,-0.8953100768928424,0.24768101626481484,-1.4187119874837866
0,1,1.3737949148407667,-1.2643075685916398,0.20138098777456015,-0.43893256174123346,1.5798869886837517,-1.5470890145578151,-1.136724104558474
0,1,-0.7517567054157057,1.3951390197158926,-0.9215883554140692,1.0347209038044092,-1.1558571364272208,-0.35057566067606183,-1.5473380393444556
0,0,-0.5377113542362777,1.3951390197158926,-0.7243760324448034,-0.43893256174123346,-0.37421595782408573,1.4441943701465683,1.6089473870827278
0,0,0.4451594857495728,-1.2643075685916398,-0.5988772814643615,-0.43893256174123346,-0.37421595782408573,0.3331462558277972,-1.740277117135459
0,0,-0.7934259444493263,0.0654157255621263,-0.6347340674587735,-0.43893256174123346,0.27715169101186005,-0.9488323376169385,0.4513129203367075
0,0,1.1137358860289213,-1.2643075685916398,1.7872288410728716,1.0347209038044092,1.3193399291493733,-1.5470890145578151,-0.8250532865883916
0,0,-0.9555716044108704,0.0654157255621263,-0.7325253019889879,-0.43893256174123346,-0.6347630173584641,0.5895419745167444,1.0697074004360771
0,0,1.0424497214938258,-1.2643075685916398,0.3236200309373282,-0.43893256174123346,-0.2439424280568966,1.187798651457621,0.7234064915804302
1,0,-1.7858265207164083,0.0654157255621263,-0.9313674788670907,1.0347209038044092,-1.2861306661944099,-1.6325542541207976,1.5495815169931881
0,0,-0.31810699022613115,0.0654157255621263,-0.48804721566345177,-0.43893256174123346,0.01660463147748173,0.3331462558277972,-0.2313945856929967
0,1,0.028794096168114378,0.0654157255621263,-0.8498747834252453,-0.43893256174123346,-1.0255836066600315,0.16221577670183246,-1.3296631823494773
0,1,-0.16446334988803882,0.0654157255621263,-0.31202299350906576,-0.43893256174123346,0.5376987505462384,-0.35057566067606183,1.3121180366350302
0,0,-1.6260632948251723,1.3951390197158926,-0.9313674788670907,-0.43893256174123346,-0.37421595782408573,0.7604724536427091,-1.0872525461505245
0,1,-0.7401715358189144,0.0654157255621263,-0.4652292609397351,1.0347209038044092,0.01660463147748173,-1.2906932958688682,-0.4787523777327446
0,0,1.1441469562204987,0.0654157255621263,1.3911743412255029,-0.43893256174123346,0.7982458100806167,-0.17964518155009707,1.4110611534509294
0,0,-0.71424504740674,0.0654157255621263,-0.9476660179554598,-0.43893256174123346,-1.1558571364272208,-0.5215061398020266,-1.4286062991653765
0,0,0.08830823353227661,0.0654157255621263,-0.06428519936585579,-0.43893256174123346,0.6679722803134275,0.3331462558277972,0.06543476475470078
0,0,1.7879180135325237,-1.2643075685916398,2.99495058752102,1.0347209038044092,1.1890663993821842,1.1023334118946386,1.4209554651325194
0,1,0.8728764729601454,-1.2643075685916398,1.1760336252590309,1.0347209038044092,0.6679722803134275,1.187798651457621,0.1940608166153697
0,0,-0.34758377254699957,1.3951390197158926,-0.9525555796819705,-0.43893256174123346,-1.1558571364272208,0.7604724536427091,-0.2511832090561765
0,0,-1.1602273624896733,1.3951390197158926,-0.9378868945024383,-0.43893256174123346,-1.0255836066600315,0.6750072140797267,-1.1614598837624488
0,0,0.09900582965189447,1.3951390197158926,-0.9411466023201122,-0.43893256174123346,-1.2861306661944099,0.504076734953762,-0.08297991046914796
0,0,0.929727889892787,0.0654157255621263,0.6724087674284265,-0.43893256174123346,1.3193399291493733,-0.6924366189279914,0.8668740109634839
0,1,-0.032822188905143074,0.0654157255621263,0.15574507832712675,1.0347209038044092,1.1890663993821842,-1.8034847332467623,0.505731634585452
0,0,0.3961093725373512,0.0654157255621263,-0.34950963341231467,-0.43893256174123346,0.5376987505462384,-0.35057566067606183,-1.1960899746480136
0,0,0.6340724932069293,0.0654157255621263,-0.16044657998723336,-0.43893256174123346,0.27715169101186005,0.41861149539077963,-1.3593461173942472
0,1,0.7802418305793497,-1.2643075685916398,1.4319206889464255,-0.43893256174123346,0.7982458100806167,-1.6325542541207976,1.6534717896498823
0,0,-1.8480033785120913,-1.2643075685916398,-0.9052898163257002,-0.43893256174123346,-1.1558571364272208,-0.7779018584909737,1.079601712117667
0,1,0.5865639549813774,-1.2643075685916398,1.8002676723435669,1.0347209038044092,0.5376987505462384,-1.8034847332467623,-0.18687018312584208
0,1,-0.8407476251007364,0.0654157255621263,-0.5385726868373959,-0.43893256174123346,0.01660463147748173,-0.5215061398020266,-0.1472929363994824
0,0,-0.9622984770799751,1.3951390197158926,-0.9509257257731336,-0.43893256174123346,-1.1558571364272208,-0.6924366189279914,-0.8497890657923665
0,0,0.16263083364717623,0.0654157255621263,0.5958056337130918,-0.43893256174123346,1.1890663993821842,-1.2906932958688682,-0.429280819324795
0,0,-1.10216137132511,0.0654157255621263,-0.977003388314524,-0.43893256174123346,-1.416404195961599,-1.2052280563058857,-0.5381182478222841
0,1,0.24045701327723454,0.0654157255621263,-0.4913069234811256,-0.43893256174123346,-0.11366889828970743,-1.5470890145578151,-1.5423908835036606
0,0,0.802851597050507,0.0654157255621263,-0.6053966970997091,-0.43893256174123346,-0.5044894875912749,0.3331462558277972,-0.9932565851754203
0,0,0.047666711156435844,0.0654157255621263,0.8777703599418768,-0.43893256174123346,2.1009811077525082,1.1023334118946386,1.208227763978336
0,0,-0.011006567124088311,0.0654157255621263,-0.8074985817954857,1.0347209038044092,-0.8953100768928424,0.3331462558277972,-0.20171165064822696
0,0,-1.5490312598852167,0.0654157255621263,-0.9069196702345371,-0.43893256174123346,-0.7650365471256532,-0.17964518155009707,0.8866626343266638
0,0,0.6872334730502704,-1.2643075685916398,1.2982726684217991,-0.43893256174123346,0.5376987505462384,-1.1197628167429032,1.4259026209733143
0,1,-0.060196823516916284,1.3951390197158926,-0.0871031540895725,-0.43893256174123346,1.1890663993821842,0.8459376932056916,0.8668740109634839
0,0,0.11498215224101808,1.3951390197158926,-0.6640714378178378,-0.43893256174123346,-0.2439424280568966,0.504076734953762,0.8322439200779193
0,0,0.12128859536830372,0.0654157255621263,-0.624954944005752,-0.43893256174123346,-0.37421595782408573,1.4441943701465683,-1.1664070396032438
0,1,-0.22617306374836715,0.0654157255621263,0.788128394955847,-0.43893256174123346,0.7982458100806167,-0.17964518155009707,1.5100042702668286
0,1,-0.5115045794628906,-1.2643075685916398,0.018837349984826498,-0.43893256174123346,0.27715169101186005,0.504076734953762,0.5700446605157865
0,0,-1.5186201896936393,0.0654157255621263,-0.9150689397787216,-0.43893256174123346,-0.6347630173584641,-1.1197628167429032,-1.121882637036089
0,0,-0.7311556578665727,0.0654157255621263,-0.8808420076931466,-0.43893256174123346,-1.0255836066600315,-0.606971379365009,-0.5282239361406942
0,0,0.9859720197094678,0.0654157255621263,0.6463311048870359,-0.43893256174123346,1.4496134589165623,1.8715205679614801,-0.2561303648969715
0,0,-0.4307821074336345,0.0654157255621263,-0.6005071353731984,-0.43893256174123346,-0.2439424280568966,-0.008714702424132305,-0.5084353127775143
0,0,0.04210769832571739,1.3951390197158926,-0.8172777052485072,-0.43893256174123346,-0.7650365471256532,0.8459376932056916,-1.270297312259938
0,0,-1.363014544827058,0.0654157255621263,-0.9802630961321979,-0.43893256174123346,-1.416404195961599,-0.7779018584909737,0.10501201148106044
0,0,-0.24626025296861032,1.3951390197158926,-0.3185424091444134,-0.43893256174123346,0.14687816124467087,1.7860553283984977,-0.4441222868471799
0,0,0.36756687808719174,0.0654157255621263,0.19160186432153872,-0.43893256174123346,1.4496134589165623,1.187798651457621,0.44141860865511756
0,1,-0.09112175203738362,0.0654157255621263,0.04328515861738011,-0.43893256174123346,0.5376987505462384,1.2732638910206036,0.11490632316265036
0,0,0.8316276634683437,-1.2643075685916398,0.5958056337130918,-0.43893256174123346,0.9285193398478059,2.042451047087445,-0.41443935180241015
0,0,-0.3678578193413845,1.3951390197158926,-0.9346271866847645,-0.43893256174123346,-1.0255836066600315,-0.008714702424132305,-1.7006998704090992
0,0,-0.9993429911535863,0.0654157255621263,-0.9558152874996443,-0.43893256174123346,-1.2861306661944099,-0.606971379365009,0.06543476475470078
0,0,-0.748766984229437,1.3951390197158926,-0.9509257257731336,-0.43893256174123346,-1.2861306661944099,-0.008714702424132305,-1.265350156419143
0,1,0.5693263437667967,1.3951390197158926,1.8230856270672835,3.9820278348956943,0.4074252207790492,0.41861149539077963,-0.36991494923525553
0,0,0.20710293629292384,1.3951390197158926,-0.038207536824465274,-0.43893256174123346,1.3193399291493733,-1.034297577179921,1.2675936340678755
1,0,-1.2780410629860761,0.0654157255621263,-0.9411466023201122,-0.43893256174123346,-1.2861306661944099,-0.8633670980539562,-0.7557931048172623
0,0,1.1128015981582122,0.0654157255621263,0.734343215964229,-0.43893256174123346,0.7982458100806167,-1.034297577179921,-1.4632363900509413
0,1,-0.5944226279883129,-1.2643075685916398,-0.977003388314524,-0.43893256174123346,-1.416404195961599,0.7604724536427091,0.3028982451128588
0,0,0.3055768778656507,0.0654157255621263,-0.35276934122998843,-0.43893256174123346,0.14687816124467087,-0.43604090023904424,-0.7656874164988522
0,1,0.31445261263738605,-1.2643075685916398,0.3545872552052295,1.0347209038044092,0.7982458100806167,-1.034297577179921,-1.6858584028867143
0,1,0.24213873144451073,-1.2643075685916398,0.9527436397483746,-0.43893256174123346,0.6679722803134275,0.16221577670183246,0.2633209983864991
0,1,0.21481081122627296,1.3951390197158926,-0.7553432567127046,-0.43893256174123346,-0.6347630173584641,1.615124849272533,-1.487972169254916
0,0,-1.37829015151315,0.0654157255621263,-0.8808420076931466,-0.43893256174123346,-0.7650365471256532,-1.1197628167429032,-1.141671260399269
0,1,1.4042994138194151,-1.2643075685916398,1.2493770511566917,-0.43893256174123346,0.9285193398478059,0.6750072140797267,1.6040002312419328
0,1,-0.8286953115685906,1.3951390197158926,-0.8091284357043226,-0.43893256174123346,-0.7650365471256532,0.504076734953762,1.5149514261076236
0,0,4.914045228924782,-1.2643075685916398,1.8165662114319359,-0.43893256174123346,1.7101605184509407,-0.6924366189279914,0.3573169593616033
0,1,-1.242351266324993,0.0654157255621263,-0.9525555796819705,-0.43893256174123346,-1.1558571364272208,1.8715205679614801,-0.05824413126517317
0,1,-0.7665184537729076,0.0654157255621263,-0.890621131146168,-0.43893256174123346,-1.1558571364272208,-0.7779018584909737,-1.1911428188072186
0,0,-0.7155997648192681,0.0654157255621263,-0.45707999139555056,-0.43893256174123346,0.01660463147748173,1.2732638910206036,0.21384943997854952
0,0,0.5006561852696864,0.0654157255621263,0.39533360292615216,-0.43893256174123346,0.9285193398478059,1.2732638910206036,-1.02293952022019
0,0,-0.0756125733836145,0.0654157255621263,0.23723777376897212,-0.43893256174123346,1.058792869614995,-0.2651104211130795,-0.06813844294676309
0,1,0.9395846269287668,-1.2643075685916398,2.0512651743044508,2.5083743693500518,0.27715169101186005,-1.034297577179921,-1.720488493772279
0,1,-0.05716038793711208,1.3951390197158926,-0.1294793557193321,-0.43893256174123346,1.1890663993821842,0.9314029327686739,0.34247549183921844
0,0,-0.7958550929131697,1.3951390197158926,-0.5744294728318079,-0.43893256174123346,-0.2439424280568966,0.07675053713885008,0.278162465908884
0,1,0.6044555677054545,0.0654157255621263,0.47845615227683447,-0.43893256174123346,1.1890663993821842,-0.606971379365009,-1.596809597752405
0,1,-0.39009387066425827,1.3951390197158926,-0.8824718616019834,-0.43893256174123346,-0.7650365471256532,0.24768101626481484,-0.909154935881906
0,1,-0.838832334965783,-1.2643075685916398,-0.8759524459666358,-0.43893256174123346,-1.1558571364272208,-1.71801949368378,-0.31054907914571606
0,1,-0.48954881450122956,0.0654157255621263,-0.8612837607871037,-0.43893256174123346,-1.1558571364272208,-1.3761585354318504,0.10501201148106044
0,0,0.5275636759461051,1.3951390197158926,0.26494529021919955,-0.43893256174123346,0.9285193398478059,0.16221577670183246,-0.20171165064822696
0,0,-0.711021754252794,1.3951390197158926,-0.9134390858698846,-0.43893256174123346,-0.7650365471256532,0.8459376932056916,-0.8497890657923665
0,0,0.8002823054060574,0.0654157255621263,1.5949060798301162,-0.43893256174123346,1.3193399291493733,-0.09417994198711468,-0.6519028321605681
0,0,1.205856670080827,0.0654157255621263,1.5786075407417473,1.0347209038044092,2.4918016970540755,0.16221577670183246,0.6838292448540705
0,1,-0.6551046251908614,-1.2643075685916398,-0.5711697650141341,2.5083743693500518,-0.2439424280568966,-1.3761585354318504,-0.09782137799153283
0,0,1.6189987665083394,-1.2643075685916398,1.3422787239603955,-0.43893256174123346,0.4074252207790492,1.5296596097095505,-0.2808661441009463
0,0,1.3168033547275189,-1.2643075685916398,2.4228718655192654,1.0347209038044092,0.9285193398478059,-1.4616237749948329,0.8916097901674588
0,0,0.9661651168504374,-1.2643075685916398,0.7066356995140015,1.0347209038044092,0.7982458100806167,1.187798651457621,0.18416650493377976
0,0,0.7971057266456468,0.0654157255621263,1.5199328000236185,-0.43893256174123346,2.4918016970540755,-0.09417994198711468,1.1389675822072067
0,0,-1.4836311089355878,-1.2643075685916398,-0.8498747834252453,-0.43893256174123346,-1.0255836066600315,-1.8889499728097447,1.109284647162437
0,0,-1.138878884643973,0.0654157255621263,-0.5679100571964603,-0.43893256174123346,-0.11366889828970743,-0.5215061398020266,0.5304674137894269
1,1,-1.685951147337618,0.0654157255621263,-0.942776456228949,-0.43893256174123346,-1.2861306661944099,-0.8633670980539562,0.06543476475470078
0,0,-0.11251694427661935,0.0654157255621263,-0.34624992559464085,-0.43893256174123346,0.14687816124467087,-0.606971379365009,0.7333008032620201
0,0,-0.8747089892010079,0.0654157255621263,-0.8841017155108204,-0.43893256174123346,-1.1558571364272208,-0.9488323376169385,-0.9734679618122404
0,0,0.8636270230401264,-1.2643075685916398,1.5150432382971077,1.0347209038044092,1.058792869614995,-0.7779018584909737,-0.4441222868471799
0,0,-0.6409501639496203,1.3951390197158926,-0.8042388739778119,-0.43893256174123346,-0.5044894875912749,-0.17964518155009707,-0.9437850267674707
0,0,-1.3733384257983923,1.3951390197158926,-0.9378868945024383,-0.43893256174123346,-0.6347630173584641,1.187798651457621,1.232963543182311
0,0,-1.3274648913465812,0.0654157255621263,-0.9884123656763825,-0.43893256174123346,-1.416404195961599,-1.2052280563058857,-1.6264925327971749
0,0,-0.1186365298297632,0.0654157255621263,-0.5076054625694947,-0.43893256174123346,-0.2439424280568966,1.4441943701465683,-0.5282239361406942
0,0,-0.4541393042013591,1.3951390197158926,-0.9460361640466228,-0.43893256174123346,-1.2861306661944099,-0.008714702424132305,-1.2752444681007329
0,1,1.2536454946675915,-1.2643075685916398,1.7530019089872964,-0.43893256174123346,0.14687816124467087,-0.9488323376169385,1.6633661013314722
0,0,0.21401666653617032,0.0654157255621263,0.3399185700256973,2.5083743693500518,1.3193399291493733,0.07675053713885008,-0.06319128710596814
0,1,0.29885000519654603,0.0654157255621263,0.6854475986991218,-0.43893256174123346,1.5798869886837517,-0.17964518155009707,0.9262398810530235
0,1,1.3670680421716621,-1.2643075685916398,1.0537945820962629,-0.43893256174123346,0.9285193398478059,-1.71801949368378,-0.0434026637427883
0,1,-0.13372527894171327,0.0654157255621263,0.12803756187689933,-0.43893256174123346,0.7982458100806167,1.5296596097095505,-0.0434026637427883
0,1,0.45940737577788476,-1.2643075685916398,1.193962018256237,-0.43893256174123346,0.5376987505462384,-1.5470890145578151,0.020910362187546157
0,0,-1.5781810414513369,0.0654157255621263,-0.9704839726791765,-0.43893256174123346,-1.416404195961599,-1.3761585354318504,0.6986707123764554
0,1,-1.2900933765182219,0.0654157255621263,-0.944406310137786,-0.43893256174123346,-1.416404195961599,-1.034297577179921,1.569370140356368
0,0,-1.5757051785939582,-1.2643075685916398,-0.8857315694196572,-0.43893256174123346,-1.1558571364272208,-1.8034847332467623,0.9460285044162033
0,1,0.4850068634353109,0.0654157255621263,0.2779841214898948,-0.43893256174123346,0.7982458100806167,1.4441943701465683,0.23858521918252432
0,0,-0.46338875412137803,1.3951390197158926,-0.9607048492261551,-0.43893256174123346,-1.416404195961599,-0.17964518155009707,1.455585556018084
0,0,1.6175973347022758,-1.2643075685916398,0.22093923468060306,1.0347209038044092,-0.5044894875912749,-1.2052280563058857,0.6590934656500957
0,1,-0.49123053266850575,1.3951390197158926,-0.9525555796819705,-0.43893256174123346,-1.2861306661944099,1.0168681723316564,1.440744088495699
0,1,1.016149517933368,1.3951390197158926,2.0039994109481802,-0.43893256174123346,1.3193399291493733,1.5296596097095505,-1.1763013512848337
0,0,0.42563286925175503,0.0654157255621263,0.6821878908814479,-0.43893256174123346,1.7101605184509407,-0.606971379365009,1.5495815169931881
0,0,-0.6306729973718215,1.3951390197158926,-0.8873614233284942,-0.43893256174123346,-0.7650365471256532,1.187798651457621,-1.2999802473047077
0,1,-1.569352021073137,0.0654157255621263,-0.8922509850550049,-0.43893256174123346,-0.6347630173584641,-1.71801949368378,-0.6568499880013631
0,0,0.1429173595752167,0.0654157255621263,0.07099267506760754,-0.43893256174123346,1.3193399291493733,-0.35057566067606183,-1.255455844737553
1,0,-1.972777523645276,0.0654157255621263,-0.8531344912429191,-0.43893256174123346,-0.5044894875912749,-0.35057566067606183,1.3912725300877495
0,0,-0.643612884381141,0.0654157255621263,-0.7569731106215416,-0.43893256174123346,-0.5044894875912749,-1.2906932958688682,-0.36991494923525553
0,0,0.31314460961839347,0.0654157255621263,0.9706720327455806,1.0347209038044092,2.2312546375196973,1.1023334118946386,1.450638400177289
0,0,0.007679190290091356,0.0654157255621263,-0.501086046934147,-0.43893256174123346,-0.2439424280568966,0.3331462558277972,1.6237888546051125
0,0,0.600765130616154,0.0654157255621263,0.3431782778433711,-0.43893256174123346,0.6679722803134275,-0.7779018584909737,-0.8695776891555462
0,0,0.10601298868221185,0.0654157255621263,-0.58909815801134,-0.43893256174123346,-0.37421595782408573,-0.35057566067606183,-1.1565127279216538
0,0,1.474277575335518,-1.2643075685916398,2.608675211126673,5.455681300441337,0.9285193398478059,-1.4616237749948329,-1.6908055587275093
0,0,1.1943649292711065,0.0654157255621263,1.3390190161427218,3.9820278348956943,1.058792869614995,0.8459376932056916,-0.24128889737458661
0,0,-0.5044507060390379,0.0654157255621263,-0.8938808389638419,-0.43893256174123346,-1.1558571364272208,-0.7779018584909737,0.45626007617750247
0,0,1.3288089538661292,-1.2643075685916398,1.8785006599677383,1.0347209038044092,1.4496134589165623,0.24768101626481484,1.1983334522967461
1,1,-1.5512268363813828,0.0654157255621263,-0.8955106928726787,-0.43893256174123346,-0.8953100768928424,-1.9744152123727272,-1.596809597752405
0,0,-0.7827750627232439,0.0654157255621263,-0.18815409643746078,-0.43893256174123346,0.4074252207790492,-1.2906932958688682,1.1834919847743612
0,1,0.38667306504319043,0.0654157255621263,0.6658893517930788,-0.43893256174123346,0.27715169101186005,1.1023334118946386,0.2534266867049092
0,0,-1.3941730453152026,1.3951390197158926,-0.9476660179554598,-0.43893256174123346,-1.0255836066600315,-0.6924366189279914,-1.492919325095711
0,0,-0.35318949977125347,1.3951390197158926,-0.6689609995443485,-0.43893256174123346,-0.11366889828970743,-0.43604090023904424,-0.2808661441009463
0,0,0.16216368971182174,0.0654157255621263,0.3545872552052295,1.0347209038044092,1.3193399291493733,-0.606971379365009,1.1241261146848218
0,0,-1.6006506647418879,0.0654157255621263,-0.9835228039498717,-0.43893256174123346,-1.416404195961599,-0.8633670980539562,0.8817154784858688
0,0,1.893726114890316,-1.2643075685916398,2.3169313614448663,3.9820278348956943,1.3193399291493733,-1.2052280563058857,0.3474226476800134
0,1,1.7901135900286897,-1.2643075685916398,2.3153015075360295,3.9820278348956943,0.5376987505462384,-1.8889499728097447,-0.7755817281804421
0,1,1.4303193310186602,-1.2643075685916398,1.689437606542657,1.0347209038044092,1.1890663993821842,0.5895419745167444,-1.3148217148270924
0,1,-0.627823419366159,0.0654157255621263,-0.4505605757602029,-0.43893256174123346,0.27715169101186005,-1.1197628167429032,-0.9982037410162152
0,1,-1.6490000620510779,0.0654157255621263,-0.8743225920577989,-0.43893256174123346,-0.7650365471256532,-0.8633670980539562,-1.3939762082798117
0,0,-0.4375556944962746,1.3951390197158926,-0.5939877197378508,-0.43893256174123346,0.14687816124467087,1.187798651457621,1.2576993223862856
1,1,-1.3277918921013294,0.0654157255621263,-0.9150689397787216,-0.43893256174123346,-1.2861306661944099,0.3331462558277972,0.9113984135306386
0,0,1.0710856447310562,1.3951390197158926,0.5811369485335597,-0.43893256174123346,1.5798869886837517,0.6750072140797267,0.6145690630829411
0,0,0.894785523528271,0.0654157255621263,1.1972217260739109,-0.43893256174123346,1.7101605184509407,1.5296596097095505,0.7085650240580453
0,0,-0.23556265684899244,1.3951390197158926,-0.8938808389638419,-0.43893256174123346,-1.0255836066600315,0.41861149539077963,-1.265350156419143
0,0,-1.553842842419368,-1.2643075685916398,-0.8759524459666358,-0.43893256174123346,-1.2861306661944099,0.8459376932056916,0.9608699719385881
0,1,-0.6871039847626441,1.3951390197158926,-0.9150689397787216,1.0347209038044092,-1.2861306661944099,1.187798651457621,0.36721127104319323
0,0,1.4235924583495556,-1.2643075685916398,1.3634668247752753,1.0347209038044092,0.7982458100806167,0.24768101626481484,-1.2109314421703983
0,1,1.0926209801508981,0.0654157255621263,-0.24519898324675254,-0.43893256174123346,0.4074252207790492,0.9314029327686739,0.3226868684760386
0,1,0.8451281232000886,0.0654157255621263,1.673139067454288,-0.43893256174123346,1.4496134589165623,1.2732638910206036,0.7036178682172504
0,1,1.2703225331597467,1.3951390197158926,-0.12133008617514757,-0.43893256174123346,0.5376987505462384,0.16221577670183246,-1.4236591433245815
0,0,1.1904876346076643,-1.2643075685916398,0.804426934044216,1.0347209038044092,1.058792869614995,0.504076734953762,-0.6865329230461328
0,0,0.14160935655622411,0.0654157255621263,-0.37395744204486825,1.0347209038044092,0.27715169101186005,0.8459376932056916,-1.5720738185484304
0,0,-0.4461044285132618,0.0654157255621263,-0.944406310137786,-0.43893256174123346,-1.2861306661944099,-0.17964518155009707,-0.7607402606580572
0,0,0.1779064403332681,0.0654157255621263,-0.7097073472652713,1.0347209038044092,-0.6347630173584641,0.41861149539077963,-1.4236591433245815
0,0,-0.6848616938729425,0.0654157255621263,-0.2761662075146538,-0.43893256174123346,0.5376987505462384,-1.2052280563058857,0.41173567361034785
0,1,-0.29787965782528164,-1.2643075685916398,-0.7879403348894428,-0.43893256174123346,-0.8953100768928424,2.042451047087445,-1.59186244191161
0,0,0.8580680102094079,-1.2643075685916398,1.3292398926897002,-0.43893256174123346,1.3193399291493733,1.8715205679614801,0.8668740109634839
0,1,0.2865174053031874,0.0654157255621263,0.28613339103407937,-0.43893256174123346,1.058792869614995,-0.008714702424132305,0.8470853876003042
0,0,1.3940689616351516,-1.2643075685916398,1.0994304915436963,-0.43893256174123346,1.058792869614995,1.4441943701465683,1.2725407899086705
1,0,-1.1007599395190464,-1.2643075685916398,-0.9541854335908074,-0.43893256174123346,-1.416404195961599,1.8715205679614801,1.1488618938887967
0,0,0.6952216343448322,-1.2643075685916398,0.7066356995140015,-0.43893256174123346,1.1890663993821842,1.9569858075244626,-0.3946507284392303
0,1,0.8384479649245193,0.0654157255621263,0.4491187819177701,-0.43893256174123346,1.058792869614995,-0.008714702424132305,0.20890228413775455
0,0,1.3270338069117822,-1.2643075685916398,2.743953085560136,3.9820278348956943,0.01660463147748173,1.7005900888355154,0.6393048422869159
0,0,0.5320482577255082,0.0654157255621263,0.7946478105911946,1.0347209038044092,0.5376987505462384,0.6750072140797267,1.3220123483166202
0,0,-0.3253010068305903,0.0654157255621263,-0.3397305099592932,-0.43893256174123346,0.14687816124467087,-0.43604090023904424,1.4902156469036487
0,1,-0.9386609939510379,0.0654157255621263,-0.9150689397787216,-0.43893256174123346,-1.2861306661944099,-0.9488323376169385,-1.1466184162400639
0,1,-0.017920297367334786,0.0654157255621263,-0.2337900058848942,1.0347209038044092,0.5376987505462384,1.7005900888355154,0.7333008032620201
0,1,-1.0081252971382508,1.3951390197158926,-0.9264779171405799,-0.43893256174123346,-0.8953100768928424,-0.17964518155009707,0.975711439460973
1,1,-1.6788505595202299,1.3951390197158926,-0.944406310137786,-0.43893256174123346,-0.6347630173584641,-0.8633670980539562,0.5700446605157865
0,0,-0.5060389954192431,1.3951390197158926,-0.8857315694196572,-0.43893256174123346,-0.7650365471256532,0.07675053713885008,-0.5875898062302337
0,1,-0.5694304274468477,0.0654157255621263,-0.7357850098066617,-0.43893256174123346,-0.6347630173584641,-0.17964518155009707,-0.12255715719550762
0,0,-0.6179199679366438,1.3951390197158926,-0.9297376249582537,-0.43893256174123346,-1.0255836066600315,1.187798651457621,-1.5028136367773008
0,0,1.2159002646909485,0.0654157255621263,-0.10177183926910467,-0.43893256174123346,0.7982458100806167,-0.2651104211130795,0.22374375166013943
0,0,0.511634067750517,0.0654157255621263,0.028616473437847942,-0.43893256174123346,0.6679722803134275,0.41861149539077963,-0.3056019233049211
0,1,-1.7947489698816792,0.0654157255621263,-0.9134390858698846,-0.43893256174123346,-1.0255836066600315,-0.8633670980539562,0.6046747514013512
0,0,0.35168398428513903,0.0654157255621263,-0.24519898324675254,-0.43893256174123346,0.14687816124467087,-0.5215061398020266,-0.5183296244591042
0,0,0.9419670609990747,0.0654157255621263,0.752271608961435,-0.43893256174123346,1.4496134589165623,-0.6924366189279914,-0.20171165064822696
0,0,-1.4013203475261264,0.0654157255621263,-0.9101793780522108,-0.43893256174123346,-0.8953100768928424,-1.4616237749948329,-0.2907604557825362
0,0,0.7090490948313252,0.0654157255621263,0.680558036972611,-0.43893256174123346,1.4496134589165623,1.1023334118946386,0.5255202579486319
0,1,-0.7077517467053126,0.0654157255621263,-0.9721138265880134,-0.43893256174123346,-1.2861306661944099,-0.9488323376169385,-1.6858584028867143
0,0,0.9296344611057161,-1.2643075685916398,0.9397048084776793,-0.43893256174123346,0.27715169101186005,-1.1197628167429032,0.3127925567944487
1,0,-1.1072999546140094,-1.2643075685916398,-0.9541854335908074,-0.43893256174123346,-1.1558571364272208,0.6750072140797267,-1.6809112470459193
0,0,-0.1936131314541591,0.0654157255621263,-0.6363639213676104,1.0347209038044092,-0.6347630173584641,-0.5215061398020266,-0.5034881569367194
0,1,-1.23529739290114,0.0654157255621263,-0.8352060982457131,-0.43893256174123346,-0.7650365471256532,-0.43604090023904424,1.460532711858879
0,0,-0.04394021456657997,-1.2643075685916398,-0.6754804151796961,-0.43893256174123346,-0.6347630173584641,1.9569858075244626,0.41173567361034785
0,1,0.8709144684316565,-1.2643075685916398,0.6006951954396026,-0.43893256174123346,0.7982458100806167,-1.3761585354318504,1.3764310625653646
0,0,1.563922496530045,-1.2643075685916398,1.0815020985464903,-0.43893256174123346,0.27715169101186005,1.4441943701465683,0.159430725729805
0,0,-0.4339119718005096,0.0654157255621263,-0.9655944109526657,-0.43893256174123346,-1.2861306661944099,0.16221577670183246,-1.240614377215168
0,0,-0.4375556944962746,1.3951390197158926,-0.5939877197378508,-0.43893256174123346,0.14687816124467087,1.187798651457621,1.2576993223862856
0,1,-1.0367145059819456,0.0654157255621263,-0.7325253019889879,-0.43893256174123346,-0.37421595782408573,-1.3761585354318504,1.559475828674778
0,0,-1.073478733694344,-1.2643075685916398,-0.5646503493787864,-0.43893256174123346,-0.2439424280568966,-0.6924366189279914,1.336853815839005
0,0,-0.584752748526475,0.0654157255621263,-0.8384658060633869,-0.43893256174123346,-1.0255836066600315,-0.35057566067606183,-0.13245146887709755
0,0,0.6267850478153991,-1.2643075685916398,-0.1734854112579286,-0.43893256174123346,0.5376987505462384,-1.2906932958688682,-0.10771568967312276
1,1,-1.4835843945420524,0.0654157255621263,-0.9264779171405799,-0.43893256174123346,-1.0255836066600315,-0.8633670980539562,1.0152886861873327
0,1,-0.4428344209657804,1.3951390197158926,-0.7765313575275845,-0.43893256174123346,-0.6347630173584641,-0.606971379365009,-1.0971468578321144
0,0,0.5903478208577488,-1.2643075685916398,1.159735086170662,-0.43893256174123346,1.1890663993821842,0.07675053713885008,1.3319066599982101
0,0,0.9006248227202022,0.0654157255621263,0.502903960909388,-0.43893256174123346,1.3193399291493733,0.8459376932056916,-0.6964272347277227
0,0,-0.8106168412703717,1.3951390197158926,-0.4782680922104304,-0.43893256174123346,0.27715169101186005,-0.17964518155009707,0.9410813485754084
0,1,-0.23584294321020516,1.3951390197158926,-0.6070265510085461,-0.43893256174123346,-0.11366889828970743,0.16221577670183246,1.232963543182311
0,0,-0.13353842136757146,0.0654157255621263,-0.18163468080211315,-0.43893256174123346,0.6679722803134275,-0.35057566067606183,1.445691244336494
0,0,-0.7417131108055841,0.0654157255621263,-0.7928298966159535,-0.43893256174123346,-1.0255836066600315,-1.2052280563058857,-0.7508459489764673
0,0,0.41512213070627896,1.3951390197158926,1.1515858166264774,-0.43893256174123346,1.8404340482181298,-0.8633670980539562,1.564422984515573
0,0,1.1839943339062369,0.0654157255621263,0.5550592859921691,-0.43893256174123346,1.1890663993821842,-0.8633670980539562,-0.5678011828670538
0,0,-0.8374309031597195,1.3951390197158926,-0.8743225920577989,-0.43893256174123346,-0.7650365471256532,1.615124849272533,-0.12750431303630258
0,1,-0.14176015462981054,1.3951390197158926,-0.9036599624168633,-0.43893256174123346,-1.0255836066600315,0.504076734953762,-1.3642932732350421
0,0,1.4093445683212436,-1.2643075685916398,1.4531087897613053,1.0347209038044092,1.4496134589165623,0.5895419745167444,-0.17697587144425217
0,1,-0.6659423644910856,0.0654157255621263,-0.8563941990605929,-0.43893256174123346,-1.0255836066600315,-0.606971379365009,-1.0476752994241647
0,0,-0.835188612270018,1.3951390197158926,-0.5744294728318079,1.0347209038044092,-0.11366889828970743,1.4441943701465683,-0.01371972869801855
0,0,-1.0946403539659026,1.3951390197158926,-0.9378868945024383,-0.43893256174123346,-1.2861306661944099,0.7604724536427091,0.12974779068503522
0,1,0.49434974214240074,0.0654157255621263,-0.4293724749453231,-0.43893256174123346,-0.11366889828970743,1.187798651457621,-0.4193865076432051
0,1,-0.7324636608855652,0.0654157255621263,-0.8792121537843096,-0.43893256174123346,-0.8953100768928424,-0.6924366189279914,-1.384081896598222
0,0,0.5349445501247061,1.3951390197158926,0.41163214201452125,1.0347209038044092,0.01660463147748173,0.41861149539077963,-1.6363868444787648
0,0,1.1128015981582122,0.0654157255621263,0.734343215964229,-0.43893256174123346,0.7982458100806167,-1.034297577179921,-1.4632363900509413
0,0,1.236221025878869,0.0654157255621263,1.1613649400794988,-0.43893256174123346,1.4496134589165623,-0.606971379365009,-1.740277117135459
0,0,1.10943816182366,0.0654157255621263,2.302262676265334,1.0347209038044092,1.8404340482181298,-0.43604090023904424,1.3319066599982101
0,0,0.3471994025057359,1.3951390197158926,-0.7097073472652713,-0.43893256174123346,-0.6347630173584641,1.5296596097095505,0.36226411520239826
0,1,-0.6952322892378122,1.3951390197158926,-0.3169125552355765,-0.43893256174123346,1.058792869614995,0.24768101626481484,0.5552031929934016
0,0,-0.33931532489122507,1.3951390197158926,-0.9492958718642966,1.0347209038044092,-1.1558571364272208,1.5296596097095505,-0.909154935881906
0,0,0.0945679622660268,0.0654157255621263,0.434450096738238,-0.43893256174123346,1.5798869886837517,0.9314029327686739,0.159430725729805
0,1,-2.093207230179664,1.3951390197158926,-0.3218021169620872,-0.43893256174123346,1.3193399291493733,0.24768101626481484,-0.7409516372948773
0,1,-1.553328984090478,1.3951390197158926,-0.9264779171405799,-0.43893256174123346,-0.6347630173584641,0.41861149539077963,0.17921934909298481
0,0,1.7945981718080928,-1.2643075685916398,1.9110977381444765,-0.43893256174123346,0.27715169101186005,1.1023334118946386,-1.4434477666877614
0,1,0.523499523708521,-1.2643075685916398,1.9290261311416825,1.0347209038044092,0.27715169101186005,-0.43604090023904424,1.223069231500721
0,0,-0.6630927864854232,1.3951390197158926,-0.9395167484112752,-0.43893256174123346,-1.1558571364272208,0.24768101626481484,1.3813782184061596
0,1,-0.24270995905991616,0.0654157255621263,0.7750895636851517,-0.43893256174123346,0.7982458100806167,0.504076734953762,1.1686505172519763
0,0,1.297790596558591,-1.2643075685916398,0.4214112654675427,1.0347209038044092,-0.11366889828970743,-0.008714702424132305,-1.745224272976254
0,0,0.5257418145982226,-1.2643075685916398,1.316201061419005,1.0347209038044092,-0.37421595782408573,-1.9744152123727272,0.8470853876003042
0,1,0.939818198896444,0.0654157255621263,1.1955918721650738,-0.43893256174123346,0.6679722803134275,1.2732638910206036,0.7234064915804302
0,0,-1.406692502782703,0.0654157255621263,-0.9607048492261551,-0.43893256174123346,-1.2861306661944099,-1.2052280563058857,-0.053296975424378217
0,0,0.3096877444967702,0.0654157255621263,0.2779841214898948,1.0347209038044092,0.9285193398478059,-1.1197628167429032,-0.3946507284392303
0,1,0.9496749359324238,-1.2643075685916398,1.0847618063641642,-0.43893256174123346,0.9285193398478059,1.5296596097095505,-0.0434026637427883
0,0,-0.0731367105262357,1.3951390197158926,-0.1522973104430488,-0.43893256174123346,0.5376987505462384,1.1023334118946386,-0.2561303648969715
0,0,-0.9048397730313726,1.3951390197158926,-0.9900422195852193,-0.43893256174123346,-1.416404195961599,0.6750072140797267,-1.6809112470459193
0,0,0.4958913171290706,0.0654157255621263,0.6218832962544824,1.0347209038044092,0.14687816124467087,0.5895419745167444,-1.3395574940310673
0,1,-0.3418379021421393,1.3951390197158926,-0.8938808389638419,-0.43893256174123346,-1.0255836066600315,-0.17964518155009707,-0.45896375436956477
0,1,-0.8705981225698884,1.3951390197158926,-0.7912000427071166,-0.43893256174123346,-0.6347630173584641,-0.17964518155009707,-0.4243336634840001
0,0,0.561244753685164,0.0654157255621263,0.49475469136520356,-0.43893256174123346,1.058792869614995,0.07675053713885008,-0.1472929363994824
0,0,0.026178090130129224,-1.2643075685916398,0.7310835081465552,-0.43893256174123346,1.3193399291493733,-0.7779018584909737,1.5297928936300083
0,0,-1.245387701904797,0.0654157255621263,-0.9476660179554598,-0.43893256174123346,-1.2861306661944099,-0.008714702424132305,-0.3303377025088959
0,1,0.100827690999777,0.0654157255621263,-0.3641783185918468,-0.43893256174123346,0.01660463147748173,0.3331462558277972,-0.22644742985220173
0,0,1.2351933092210892,-1.2643075685916398,1.635652427551039,-0.43893256174123346,0.14687816124467087,-1.4616237749948329,0.7184593357396353
0,0,1.3447385620617174,-1.2643075685916398,1.7204048308105584,-0.43893256174123346,1.1890663993821842,0.9314029327686739,0.23858521918252432
0,0,-1.3679662705418156,0.0654157255621263,-0.6982983699034129,-0.43893256174123346,-0.6347630173584641,-0.5215061398020266,0.24353237502331926
0,1,-1.061192848194521,0.0654157255621263,-0.8319463904280393,-0.43893256174123346,-0.7650365471256532,-1.5470890145578151,-0.4441222868471799
0,0,-0.32894472952635534,0.0654157255621263,-0.6526624604559794,-0.43893256174123346,-0.37421595782408573,0.8459376932056916,0.5799389721973764
0,0,0.1280154680374084,0.0654157255621263,0.504533814818225,-0.43893256174123346,2.1009811077525082,0.5895419745167444,0.7085650240580453
0,0,-0.1759550906977593,0.0654157255621263,-0.6396236291852843,-0.43893256174123346,-0.37421595782408573,-0.43604090023904424,-1.250508688896758
0,0,0.1334343376875205,1.3951390197158926,-0.7211163246271296,-0.43893256174123346,-0.37421595782408573,-0.6924366189279914,-0.31054907914571606
0,0,-0.4845503743929365,1.3951390197158926,-0.8482449295164084,-0.43893256174123346,-0.7650365471256532,-0.7779018584909737,1.0499187770728975
0,0,1.3259126614669314,-1.2643075685916398,0.7392327776907397,-0.43893256174123346,1.3193399291493733,-0.09417994198711468,-0.3006547674641261
0,0,-0.1966495670339633,0.0654157255621263,-0.5760593267406449,1.0347209038044092,-0.11366889828970743,1.0168681723316564,0.5453088813118117
0,0,0.514763932117392,0.0654157255621263,-0.015389582100748565,-0.43893256174123346,0.14687816124467087,1.187798651457621,1.688101880535447
0,1,0.2513414669709942,0.0654157255621263,1.7334436620812537,-0.43893256174123346,2.3615281672868864,1.2732638910206036,1.440744088495699
0,0,-0.9174526592859439,0.0654157255621263,-0.748823841077357,-0.43893256174123346,-0.5044894875912749,-1.1197628167429032,0.738247959102815
0,1,1.5415930164201002,-1.2643075685916398,0.6495908127047098,3.9820278348956943,0.4074252207790492,1.3587291305835858,0.18416650493377976
0,1,-1.1623295101987685,0.0654157255621263,-0.9509257257731336,-0.43893256174123346,-1.0255836066600315,0.07675053713885008,-1.4187119874837866
0,0,0.756557633056877,-1.2643075685916398,0.6609997900665682,-0.43893256174123346,0.01660463147748173,1.0168681723316564,-0.2561303648969715
0,0,0.6438358014558381,1.3951390197158926,-0.378847003771379,-0.43893256174123346,0.5376987505462384,0.3331462558277972,-0.7409516372948773
0,0,1.629556219447351,-1.2643075685916398,-0.13110920962816902,3.9820278348956943,1.058792869614995,-0.5215061398020266,1.4902156469036487
0,0,-2.239002852403801,1.3951390197158926,-0.9900422195852193,-0.43893256174123346,0.01660463147748173,0.504076734953762,-1.720488493772279
0,0,-1.021158612934641,-1.2643075685916398,-0.8775822998754728,-0.43893256174123346,-1.1558571364272208,-1.8034847332467623,0.01101605050595624
0,0,0.2687192213661813,0.0654157255621263,-0.20934219725234057,-0.43893256174123346,0.4074252207790492,0.24768101626481484,-0.9141020917227008
0,1,-1.2587013040624,0.0654157255621263,-0.9411466023201122,-0.43893256174123346,-1.1558571364272208,-1.6325542541207976,-1.02293952022019
0,1,1.4623654049839783,-1.2643075685916398,1.1075797610878808,2.5083743693500518,1.7101605184509407,-2.2308109310616744,1.460532711858879
0,0,-1.3861381696271053,0.0654157255621263,-0.9802630961321979,-0.43893256174123346,-1.416404195961599,-0.5215061398020266,0.2583738425457041
0,0,0.9439290655275635,-1.2643075685916398,1.2689352980627346,-0.43893256174123346,0.7982458100806167,-0.7779018584909737,1.2576993223862856
0,0,0.5749320709910506,-1.2643075685916398,1.5932762259212794,-0.43893256174123346,-0.11366889828970743,0.6750072140797267,0.8916097901674588
0,1,1.437887062771403,-1.2643075685916398,1.1955918721650738,-0.43893256174123346,0.6679722803134275,-1.2906932958688682,-0.3056019233049211
0,1,1.0434774381516057,0.0654157255621263,0.9592630553837223,2.5083743693500518,2.2312546375196973,-0.17964518155009707,-0.1621344039218673
0,1,0.29263699085633127,2.7248623138696586,-0.8400956599722239,-0.43893256174123346,-1.0255836066600315,1.5296596097095505,1.1637033614111814
0,0,-1.4448114479076295,-1.2643075685916398,-0.8612837607871037,-0.43893256174123346,-1.0255836066600315,-0.606971379365009,0.030804673869136073
0,0,0.8484915595346408,-1.2643075685916398,1.5590492938357043,-0.43893256174123346,1.058792869614995,-0.2651104211130795,0.8174024525555343
0,0,0.09592267967855483,0.0654157255621263,-0.0871031540895725,-0.43893256174123346,0.4074252207790492,-1.3761585354318504,1.460532711858879
0,0,0.7993013031418129,0.0654157255621263,0.6072146110749501,-0.43893256174123346,-0.11366889828970743,0.24768101626481484,1.213174919819131
0,1,-1.8921484804030908,-1.2643075685916398,-0.9753735344056872,-0.43893256174123346,-1.416404195961599,-0.5215061398020266,-0.780528884021237
0,1,0.46118252273223187,0.0654157255621263,-0.27290649969698,-0.43893256174123346,0.01660463147748173,-0.8633670980539562,-0.1373986247178925
0,0,0.8844616425569367,0.0654157255621263,0.5843966563512335,-0.43893256174123346,-0.11366889828970743,-0.17964518155009707,-0.4738052218919496
0,0,0.8014501652444436,-1.2643075685916398,1.6845480448161463,1.0347209038044092,0.6679722803134275,-1.1197628167429032,1.2032806081375411
0,1,0.38564534838541054,1.3951390197158926,0.08892106806481352,1.0347209038044092,1.8404340482181298,-0.35057566067606183,1.3665367508837747
0,0,-0.8905451686095252,1.3951390197158926,-0.9118092319610478,-0.43893256174123346,-0.7650365471256532,0.07675053713885008,-0.28581329994174126
0,1,-0.8041702549624797,0.0654157255621263,-0.9672242648615027,-0.43893256174123346,-1.2861306661944099,-1.2906932958688682,-1.5077607926180958
0,0,-1.0003707078113662,0.0654157255621263,-0.3984052506774219,-0.43893256174123346,0.27715169101186005,-0.17964518155009707,1.3962196859285445
0,0,1.4188743046024752,-1.2643075685916398,2.8009979723694283,3.9820278348956943,0.9285193398478059,-0.6924366189279914,-1.2010371304888086
0,1,-1.182369985025476,0.0654157255621263,-0.9362570405936014,-0.43893256174123346,-1.0255836066600315,0.16221577670183246,-1.1565127279216538
0,1,0.8398961111241182,0.0654157255621263,0.7783492715028255,-0.43893256174123346,1.4496134589165623,0.41861149539077963,0.13964210236662514
0,1,-0.3480042020888186,1.3951390197158926,-0.9264779171405799,-0.43893256174123346,-1.0255836066600315,-0.2651104211130795,-1.384081896598222
0,1,0.385271633237127,0.0654157255621263,0.1019598993355088,-0.43893256174123346,1.3193399291493733,1.7860553283984977,0.9361341927346134
0,1,-0.10812579128428712,0.0654157255621263,-0.944406310137786,-0.43893256174123346,-1.2861306661944099,1.4441943701465683,-1.3989233641206067
0,1,-1.3137308596471593,-1.2643075685916398,-0.9411466023201122,-0.43893256174123346,-1.2861306661944099,-1.5470890145578151,-1.0476752994241647
0,1,-0.8829774368567824,-1.2643075685916398,0.37903506383778307,-0.43893256174123346,0.7982458100806167,0.8459376932056916,1.6237888546051125
0,0,0.9787780031050086,-1.2643075685916398,1.490595429664554,1.0347209038044092,0.6679722803134275,0.9314029327686739,-0.9635736501306504
0,0,0.8291518006109649,0.0654157255621263,0.7392327776907397,-0.43893256174123346,1.4496134589165623,1.5296596097095505,0.6986707123764554
0,1,0.8570870079451636,0.0654157255621263,1.61935388846267,-0.43893256174123346,1.4496134589165623,-0.5215061398020266,-0.023614040379608466
0,0,0.8731100449278226,-1.2643075685916398,1.779079571528687,-0.43893256174123346,0.4074252207790492,-1.2906932958688682,1.3269595041574151
0,0,-1.0070041516934,0.0654157255621263,-0.9509257257731336,1.0347209038044092,-1.1558571364272208,-0.008714702424132305,-1.4533420783693514
0,1,-0.06243911440661784,0.0654157255621263,-0.7634925262568892,-0.43893256174123346,-0.6347630173584641,0.07675053713885008,-1.3939762082798117
0,1,0.5054210534103022,0.0654157255621263,0.594175779804255,1.0347209038044092,1.058792869614995,-0.008714702424132305,0.2583738425457041
0,1,-1.011582162259874,-1.2643075685916398,-0.9509257257731336,-0.43893256174123346,-1.1558571364272208,-1.3761585354318504,-1.5473380393444556
0,1,0.02150665077658431,0.0654157255621263,-0.2712766457881431,-0.43893256174123346,0.27715169101186005,-1.2906932958688682,1.232963543182311
0,0,-0.3642608110391549,1.3951390197158926,-0.9297376249582537,-0.43893256174123346,-1.2861306661944099,1.0168681723316564,-0.9536793384490606
0,1,1.63623637772292,-1.2643075685916398,1.7399630777166013,1.0347209038044092,0.14687816124467087,-0.17964518155009707,-0.5925369620710287
0,0,1.1482111084580828,1.3951390197158926,0.2535363128573412,-0.43893256174123346,1.3193399291493733,-0.5215061398020266,-0.3006547674641261
0,0,-0.46114646323167646,0.0654157255621263,-0.3038737239648812,1.0347209038044092,0.01660463147748173,-1.1197628167429032,0.6640406214908907
0,0,0.7284355681485365,-1.2643075685916398,2.642902143212248,-0.43893256174123346,0.6679722803134275,-1.6325542541207976,1.5495815169931881
0,0,1.7035518188075025,-1.2643075685916398,2.3739762482541584,3.9820278348956943,0.6679722803134275,-1.71801949368378,-1.4632363900509413
0,0,-0.9714077838193877,0.0654157255621263,-0.854764345151756,-0.43893256174123346,-1.0255836066600315,-1.3761585354318504,0.8124552967147395
0,1,0.4539885061277727,0.0654157255621263,0.1883421565038649,2.5083743693500518,1.7101605184509407,0.07675053713885008,-1.62154537695638
0,1,0.8299459453010676,-1.2643075685916398,0.5664682633540274,-0.43893256174123346,-0.5044894875912749,-0.43604090023904424,-1.5819681302300201
0,1,-0.13045527139423183,0.0654157255621263,-0.5956175736466877,-0.43893256174123346,-0.37421595782408573,1.7005900888355154,-0.5034881569367194
1,0,-1.2645873176478666,0.0654157255621263,-0.8270568287015286,1.0347209038044092,-1.2861306661944099,-0.7779018584909737,1.5050571144260336
0,1,1.8209450897620862,-1.2643075685916398,1.7399630777166013,1.0347209038044092,0.01660463147748173,1.2732638910206036,-1.3049274031455025
0,1,2.8860799767638627,-1.2643075685916398,-0.978633242223361,-0.43893256174123346,1.5798869886837517,2.042451047087445,-1.59186244191161
0,0,0.3428549639069391,0.0654157255621263,-0.17022570344025478,-0.43893256174123346,0.4074252207790492,1.615124849272533,0.1346949465258302
0,0,-0.28933092380829445,1.3951390197158926,-0.8889912772373311,-0.43893256174123346,-1.0255836066600315,0.41861149539077963,0.6788820890132756
0,1,-1.3923044695737847,-1.2643075685916398,-0.9313674788670907,-0.43893256174123346,-1.2861306661944099,-1.2052280563058857,-1.369240429075837
0,0,1.0016680559373787,-1.2643075685916398,-0.3364708021416194,-0.43893256174123346,0.01660463147748173,-1.5470890145578151,-1.240614377215168
0,1,-1.0339583567633541,0.0654157255621263,-0.9395167484112752,-0.43893256174123346,-0.7650365471256532,-0.17964518155009707,-0.5232767802998992
0,0,-0.29264764574931135,0.0654157255621263,-0.5059756086606578,1.0347209038044092,-0.11366889828970743,0.07675053713885008,-0.9833622734938303
0,0,0.5076633443000038,-1.2643075685916398,0.7115252612405123,-0.43893256174123346,-0.11366889828970743,1.2732638910206036,0.2979510892720638
0,0,0.39886552175594264,0.0654157255621263,0.6593699361577312,-0.43893256174123346,1.7101605184509407,-0.17964518155009707,-0.28581329994174126
0,0,-0.8743819884462598,0.0654157255621263,-0.8889912772373311,-0.43893256174123346,-1.0255836066600315,-1.4616237749948329,-1.0377809877425748
0,0,-0.7591842939878422,-1.2643075685916398,-0.9232182093229061,-0.43893256174123346,-1.2861306661944099,0.8459376932056916,0.5601503488341966
0,0,-0.9537964574565234,0.0654157255621263,-0.9215883554140692,1.0347209038044092,-1.2861306661944099,-0.9488323376169385,-0.3847564167576404
0,0,1.8967625504701202,-1.2643075685916398,1.316201061419005,-0.43893256174123346,0.7982458100806167,0.7604724536427091,-1.4038705199614017
0,1,0.7208678363957938,0.0654157255621263,1.5949060798301162,1.0347209038044092,0.9285193398478059,-0.09417994198711468,1.1983334522967461
0,0,1.3369839727348327,-1.2643075685916398,1.4922252835733911,-0.43893256174123346,1.1890663993821842,-0.17964518155009707,1.3319066599982101
0,0,1.2107149670085138,0.0654157255621263,1.9779217484067897,2.5083743693500518,0.4074252207790492,0.16221577670183246,1.5941059195603429
0,1,0.015200207649298672,0.0654157255621263,0.9478540780218638,-0.43893256174123346,2.1009811077525082,0.504076734953762,0.8223496083963293
0,1,0.24078401403198268,0.0654157255621263,-0.32669167868859794,2.5083743693500518,1.058792869614995,0.07675053713885008,1.584211607878753
0,0,-1.5426781023643956,-1.2643075685916398,-0.8352060982457131,-0.43893256174123346,-1.1558571364272208,-1.8034847332467623,0.7135121798988403
0,1,-0.7434415433663958,0.0654157255621263,-0.9313674788670907,-0.43893256174123346,-0.8953100768928424,-1.034297577179921,0.19900797245616464
0,1,-1.4842383960515486,-1.2643075685916398,-0.7895701887982797,-0.43893256174123346,-0.8953100768928424,-0.606971379365009,0.6937235565356604
0,0,-0.8279011668784879,1.3951390197158926,-0.9704839726791765,-0.43893256174123346,-1.416404195961599,0.3331462558277972,0.9707642836201781
0,1,-0.9377734204738644,0.0654157255621263,-0.8824718616019834,-0.43893256174123346,-1.1558571364272208,-0.6924366189279914,-1.7155413379314841
0,0,0.8866105046595674,0.0654157255621263,0.25027660503966737,-0.43893256174123346,0.9285193398478059,-0.2651104211130795,-0.9536793384490606
0,1,1.835706838119288,-1.2643075685916398,1.6666196518189402,5.455681300441337,0.9285193398478059,1.1023334118946386,1.3022237249534403
0,1,1.1980086519668716,-1.2643075685916398,1.9257664233240086,1.0347209038044092,1.4496134589165623,2.2133815262134098,-0.4094921959616152
0,1,1.3560901596908315,1.3951390197158926,1.0700931211846318,-0.43893256174123346,1.9707075779853191,0.8459376932056916,0.9064512576898437
0,0,-1.3664714099486812,0.0654157255621263,-0.9721138265880134,-0.43893256174123346,-1.2861306661944099,-0.6924366189279914,-0.2808661441009463
0,0,0.15226023828230653,0.0654157255621263,0.9217764154804734,2.5083743693500518,0.6679722803134275,-0.008714702424132305,1.1340204263664118
0,0,0.8718954706959009,-1.2643075685916398,1.071722975093469,-0.43893256174123346,-0.11366889828970743,-0.09417994198711468,0.0852233881178806
0,1,0.6024468487834301,-1.2643075685916398,1.1890724565297262,-0.43893256174123346,0.5376987505462384,1.0168681723316564,1.1834919847743612
0,0,0.5017773307145372,1.3951390197158926,0.10847931497085642,-0.43893256174123346,1.1890663993821842,0.3331462558277972,0.11490632316265036
0,0,0.4654802469374932,1.3951390197158926,-0.8563941990605929,-0.43893256174123346,-1.0255836066600315,-0.43604090023904424,-0.6568499880013631
0,0,0.7249787030269133,0.0654157255621263,-0.34462007168580394,-0.43893256174123346,0.01660463147748173,1.8715205679614801,-0.3946507284392303
0,0,-1.4431764441338888,0.0654157255621263,-0.9329973327759276,-0.43893256174123346,-0.7650365471256532,-1.1197628167429032,-0.8943134683595211
0,0,-1.046851529379138,1.3951390197158926,-0.9036599624168633,-0.43893256174123346,-0.8953100768928424,0.07675053713885008,-1.3098745589862975
0,0,1.118827754924285,0.0654157255621263,0.6137340267102978,-0.43893256174123346,1.058792869614995,1.5296596097095505,0.46120723201829744
0,0,-0.7926785141527593,1.3951390197158926,-0.9460361640466228,-0.43893256174123346,-1.1558571364272208,-0.5215061398020266,1.5198985819484185
0,1,0.1422633580657204,0.0654157255621263,-0.24845869106442636,-0.43893256174123346,0.6679722803134275,1.1023334118946386,0.6046747514013512
0,1,0.11227271741596204,0.0654157255621263,0.2910229527605901,-0.43893256174123346,1.1890663993821842,1.7005900888355154,1.1538090497295916
0,0,-0.8273405941560624,0.0654157255621263,-0.9802630961321979,-0.43893256174123346,-1.416404195961599,0.8459376932056916,-1.265350156419143
0,0,-1.2399221178611495,0.0654157255621263,-0.942776456228949,-0.43893256174123346,-1.1558571364272208,-0.35057566067606183,-0.2561303648969715
0,0,0.9998461945894962,-1.2643075685916398,1.436810250672936,3.9820278348956943,0.9285193398478059,-1.2906932958688682,-1.0427281435833697
0,0,-1.1039832326729924,0.0654157255621263,-0.9329973327759276,-0.43893256174123346,-1.2861306661944099,1.615124849272533,0.8767683226450739
0,1,-1.3168607240140342,0.0654157255621263,-0.9297376249582537,-0.43893256174123346,-1.2861306661944099,-0.6924366189279914,1.6683132571722672
0,0,0.9631286812706331,-1.2643075685916398,0.78649854104701,-0.43893256174123346,1.058792869614995,-1.2906932958688682,-1.4286062991653765
0,0,-0.8139335632113885,0.0654157255621263,-0.7455641332596832,-0.43893256174123346,-0.7650365471256532,-0.606971379365009,1.4803213352220588
0,1,0.8800704895646045,-1.2643075685916398,1.2200396807976275,-0.43893256174123346,0.5376987505462384,1.5296596097095505,0.7629837383067899
0,0,0.5259286721723644,-1.2643075685916398,1.1988515799827477,-0.43893256174123346,0.6679722803134275,-1.1197628167429032,1.237910699023106
0,0,1.4919823304854531,0.0654157255621263,0.36762608647592476,-0.43893256174123346,0.9285193398478059,-0.43604090023904424,-1.7056470262498942
0,1,-0.7421802547409386,1.3951390197158926,-0.8710628842401251,-0.43893256174123346,-0.7650365471256532,0.07675053713885008,0.500784478744657
0,0,-0.563123984319562,0.0654157255621263,-0.7781612114364214,-0.43893256174123346,-0.7650365471256532,1.2732638910206036,0.7333008032620201
0,1,-0.03791405780050703,-1.2643075685916398,-0.748823841077357,-0.43893256174123346,-0.7650365471256532,2.4697772449023567,0.01101605050595624
0,0,0.23293599591802724,0.0654157255621263,0.00905822653180505,-0.43893256174123346,0.4074252207790492,-0.606971379365009,-0.34517917003128074
0,1,1.3509515764019322,-1.2643075685916398,1.3064219379659836,-0.43893256174123346,0.5376987505462384,1.5296596097095505,-1.5127079484588908
0,0,0.9521507987898026,-1.2643075685916398,2.416352449883918,-0.43893256174123346,1.058792869614995,-0.606971379365009,1.6386303221274974
0,1,0.4599212341067747,-1.2643075685916398,-0.24519898324675254,-0.43893256174123346,0.14687816124467087,0.41861149539077963,-0.671691455523748
0,1,1.162692570454072,-1.2643075685916398,0.8859196294860614,-0.43893256174123346,0.27715169101186005,1.615124849272533,-1.4681835458917363
0,0,-1.0498879649589423,0.0654157255621263,-0.9688541187703396,-0.43893256174123346,-1.2861306661944099,-0.606971379365009,-0.9437850267674707
0,1,-0.23145179021787293,0.0654157255621263,-0.32669167868859794,1.0347209038044092,0.4074252207790492,1.1023334118946386,1.2923294132718504
0,1,2.097027155556591,-1.2643075685916398,1.5492701703826828,1.0347209038044092,1.7101605184509407,-1.8034847332467623,0.38699989440637306
0,1,0.21481081122627296,1.3951390197158926,-0.7553432567127046,-0.43893256174123346,-0.6347630173584641,1.615124849272533,-1.487972169254916
0,0,0.8455485527419075,0.0654157255621263,0.4849755679121821,-0.43893256174123346,1.4496134589165623,0.3331462558277972,0.03575182970993103
0,1,0.9210857270887289,-1.2643075685916398,1.8736110982412277,3.9820278348956943,0.01660463147748173,0.5895419745167444,0.006068894665161283
0,0,-0.35473107475792326,1.3951390197158926,-0.9248480632317431,-0.43893256174123346,-0.7650365471256532,-0.7779018584909737,-1.6908055587275093
0,1,-0.5169234491130028,1.3951390197158926,-0.7423044254420094,-0.43893256174123346,-0.6347630173584641,1.4441943701465683,0.3226868684760386
0,1,-0.14367544476476393,0.0654157255621263,-0.766752234074563,-0.43893256174123346,-0.8953100768928424,0.24768101626481484,-0.8844191566779311
0,0,1.0525867448910182,-1.2643075685916398,2.023557657854223,-0.43893256174123346,1.4496134589165623,1.8715205679614801,-0.2215002740114068
0,0,0.5849289512076367,0.0654157255621263,0.2877632449429163,-0.43893256174123346,0.9285193398478059,-0.2651104211130795,-0.5133824686183093
0,0,1.1806308975716844,0.0654157255621263,0.9348152467511687,-0.43893256174123346,1.7101605184509407,0.504076734953762,-1.1515655720808589
0,1,0.9665388319987209,-1.2643075685916398,1.37161609431946,1.0347209038044092,0.7982458100806167,1.7005900888355154,0.6590934656500957
0,0,1.5782638153454278,-1.2643075685916398,1.2151501190711167,2.5083743693500518,0.7982458100806167,-0.7779018584909737,-0.9734679618122404
0,1,0.17440286081810943,0.0654157255621263,0.5795070946247227,1.0347209038044092,0.14687816124467087,0.24768101626481484,0.7234064915804302
0,1,-0.6021772173151975,0.0654157255621263,-0.9329973327759276,1.0347209038044092,-1.2861306661944099,-1.2052280563058857,-1.2752444681007329
0,0,-0.8106168412703717,1.3951390197158926,-0.4782680922104304,-0.43893256174123346,0.27715169101186005,-0.17964518155009707,0.9410813485754084
0,0,-0.5212678877117995,0.0654157255621263,-0.32832153259743485,-0.43893256174123346,0.14687816124467087,-0.5215061398020266,0.46615438785909236
0,0,0.12787532485680206,1.3951390197158926,-0.6852595386327176,-0.43893256174123346,-0.37421595782408573,-0.17964518155009707,-0.5925369620710287
0,0,-2.220083523021944,0.0654157255621263,-0.42285305930997547,-0.43893256174123346,1.3193399291493733,-0.008714702424132305,-0.429280819324795
0,0,-0.9025507677481356,-1.2643075685916398,0.15248537050945293,-0.43893256174123346,0.4074252207790492,0.504076734953762,1.693049036376242
0,1,-0.6407633063754785,1.3951390197158926,-0.8580240529694299,-0.43893256174123346,-0.5044894875912749,0.07675053713885008,-0.3550734817128707
0,0,-0.7087327489695571,0.0654157255621263,-0.9069196702345371,-0.43893256174123346,-1.1558571364272208,-0.8633670980539562,-1.3543989615534522
0,1,-0.9608036164868408,0.0654157255621263,-0.9623347031349919,1.0347209038044092,-1.416404195961599,-1.2906932958688682,1.0746545562768721
0,0,-1.2791622084309269,0.0654157255621263,-0.6950386620857391,-0.43893256174123346,-0.5044894875912749,-1.2906932958688682,0.6590934656500957
0,1,-1.23529739290114,0.0654157255621263,-0.8352060982457131,-0.43893256174123346,-0.7650365471256532,-0.43604090023904424,1.460532711858879
0,0,1.994208775385067,-1.2643075685916398,2.538591493046686,2.5083743693500518,0.7982458100806167,1.5296596097095505,-1.0724110786281396
0,0,0.31267746568303895,0.0654157255621263,-0.7749015036187475,-0.43893256174123346,-0.8953100768928424,0.5895419745167444,0.14953641404821508
0,1,0.058317592882518254,1.3951390197158926,-0.29572445442069667,-0.43893256174123346,0.9285193398478059,-0.5215061398020266,0.7333008032620201
0,0,-1.3994984861782438,0.0654157255621263,-0.9655944109526657,-0.43893256174123346,-1.416404195961599,1.0168681723316564,0.980658595301768
0,0,0.24106430039319537,1.3951390197158926,-0.5793190345583187,-0.43893256174123346,0.14687816124467087,-0.7779018584909737,0.7629837383067899
0,0,-0.027076318500282824,-1.2643075685916398,-0.3022438700560443,-0.43893256174123346,-0.37421595782408573,-1.8889499728097447,0.09017054395867558
0,0,-1.3302210405651727,0.0654157255621263,-0.7732716497099107,-0.43893256174123346,-0.6347630173584641,-1.4616237749948329,-0.5084353127775143
0,0,0.2879188371092509,0.0654157255621263,-0.29409460051185976,-0.43893256174123346,0.14687816124467087,1.1023334118946386,-1.369240429075837
0,1,0.9817210098977419,-1.2643075685916398,2.3625672708923,1.0347209038044092,0.5376987505462384,0.504076734953762,-0.785476039862032
0,0,-0.5681224244278551,0.0654157255621263,-0.7211163246271296,-0.43893256174123346,-0.6347630173584641,-0.17964518155009707,0.515625946267042
0,1,1.857335602326201,-1.2643075685916398,2.714615715201072,1.0347209038044092,1.5798869886837517,1.8715205679614801,-0.48864668941433453
0,1,1.9862673284840409,0.0654157255621263,1.7644108863491548,2.5083743693500518,0.14687816124467087,0.9314029327686739,-1.3197688706678874
0,0,-1.7882556691802518,1.3951390197158926,-0.9623347031349919,-0.43893256174123346,-1.1558571364272208,0.7604724536427091,0.4166828294511428
0,0,2.083199695070098,-1.2643075685916398,0.2339780659512983,3.9820278348956943,0.7982458100806167,-0.9488323376169385,-1.5671266627076355
0,0,1.2730786823783384,-1.2643075685916398,0.7001162838786539,1.0347209038044092,0.14687816124467087,-0.5215061398020266,1.559475828674778
0,0,0.21518452637455654,0.0654157255621263,-0.19956307379931915,-0.43893256174123346,0.4074252207790492,-0.5215061398020266,0.975711439460973
0,0,-0.9019901950257102,0.0654157255621263,-0.34299021777696703,1.0347209038044092,0.4074252207790492,-0.35057566067606183,0.8668740109634839
0,1,0.7265669924071185,0.0654157255621263,-0.47011882266624583,-0.43893256174123346,-0.37421595782408573,-0.9488323376169385,-0.8695776891555462
0,1,-1.2961662476778304,0.0654157255621263,-0.9623347031349919,-0.43893256174123346,-1.2861306661944099,-0.09417994198711468,0.6145690630829411
0,1,-1.0993117933194476,0.0654157255621263,-0.9802630961321979,-0.43893256174123346,-1.416404195961599,0.16221577670183246,-0.8250532865883916
0,0,-1.3534848085458264,0.0654157255621263,-0.818907559157344,-0.43893256174123346,-0.6347630173584641,-0.09417994198711468,1.5198985819484185
0,1,-0.8723265551307,-1.2643075685916398,-0.978633242223361,-0.43893256174123346,-1.416404195961599,0.24768101626481484,-1.6660697795235344
0,1,-0.2583125665007562,1.3951390197158926,-0.854764345151756,-0.43893256174123346,-0.7650365471256532,-0.2651104211130795,-0.34517917003128074
0,0,-1.0083121547123925,0.0654157255621263,-0.9166987936875585,-0.43893256174123346,-1.0255836066600315,-0.6924366189279914,-0.5925369620710287
0,0,0.5480245803146319,0.0654157255621263,1.5688284172887257,-0.43893256174123346,1.058792869614995,-0.09417994198711468,1.1191789588440268
0,1,-0.48184093956788043,0.0654157255621263,-0.27942591533232763,1.0347209038044092,0.27715169101186005,0.41861149539077963,0.7283536474212251
0,1,0.787248989609667,0.0654157255621263,-0.536942832928559,-0.43893256174123346,-0.37421595782408573,0.8459376932056916,-0.34023201419048577
0,0,0.6475262385451386,0.0654157255621263,0.20627054950107088,-0.43893256174123346,1.058792869614995,0.24768101626481484,-1.1614598837624488
0,1,0.9348197587881509,-1.2643075685916398,2.2810745754504547,-0.43893256174123346,0.27715169101186005,0.9314029327686739,0.2534266867049092
0,1,-0.5982532082582198,0.0654157255621263,-0.7341551558978249,-0.43893256174123346,-0.5044894875912749,-1.4616237749948329,0.7234064915804302
0,0,2.0985687305432608,-1.2643075685916398,1.9078380303268028,3.9820278348956943,1.1890663993821842,-0.6924366189279914,-0.13245146887709755
1,0,-0.8178575722683663,-1.2643075685916398,0.49149498354752974,-0.43893256174123346,1.5798869886837517,-1.034297577179921,0.8124552967147395
0,1,0.7627706473970917,-1.2643075685916398,1.6829181909073094,-0.43893256174123346,1.3193399291493733,0.9314029327686739,1.6683132571722672
0,0,-0.6852354090212261,1.3951390197158926,-0.9655944109526657,-0.43893256174123346,-1.416404195961599,-0.5215061398020266,0.510678790426247
0,0,-0.708312319427738,-1.2643075685916398,-0.9069196702345371,-0.43893256174123346,-1.1558571364272208,-1.2052280563058857,0.6491991539685058
0,0,-1.1215945590358567,1.3951390197158926,-0.9395167484112752,-0.43893256174123346,-0.8953100768928424,0.16221577670183246,0.4265771411327327
0,1,-1.386932314317208,1.3951390197158926,-0.9704839726791765,-0.43893256174123346,-1.1558571364272208,1.5296596097095505,-1.2999802473047077
0,0,-1.0133105948206855,2.7248623138696586,-0.9737436804968503,-0.43893256174123346,-1.416404195961599,-0.2651104211130795,1.4259026209733143
0,0,-1.0915104895990275,0.0654157255621263,-0.8743225920577989,-0.43893256174123346,-0.7650365471256532,-0.7779018584909737,-1.0724110786281396
0,0,-0.38014370484120763,0.0654157255621263,-0.8808420076931466,-0.43893256174123346,-1.1558571364272208,-1.1197628167429032,0.4760486995406823
0,0,-0.17553466115594027,1.3951390197158926,-0.49945619302531014,-0.43893256174123346,0.27715169101186005,1.1023334118946386,-0.9635736501306504
0,0,1.17133473325813,0.0654157255621263,0.9837108640162758,-0.43893256174123346,0.5376987505462384,1.4441943701465683,-1.0377809877425748
0,0,0.9048291181383926,0.0654157255621263,1.2184098268887906,-0.43893256174123346,1.7101605184509407,0.3331462558277972,0.7135121798988403
0,0,-0.8963377534079209,0.0654157255621263,-0.9232182093229061,-0.43893256174123346,-0.8953100768928424,-0.8633670980539562,-1.126829792876884
0,0,-1.0408253726130652,1.3951390197158926,-0.9704839726791765,-0.43893256174123346,-1.416404195961599,0.3331462558277972,0.5947804397197612
0,1,-1.3397974912399397,-1.2643075685916398,-0.9264779171405799,-0.43893256174123346,-1.2861306661944099,1.3587291305835858,-0.48864668941433453
0,0,-0.09532604745557405,0.0654157255621263,0.39207389510847834,1.0347209038044092,1.4496134589165623,1.7005900888355154,1.5149514261076236
0,0,-2.076576906081044,0.0654157255621263,-0.8433553677898977,-0.43893256174123346,-0.6347630173584641,-1.3761585354318504,1.697996192217037
0,1,0.755109486857278,0.0654157255621263,0.4833457140033452,1.0347209038044092,1.3193399291493733,1.8715205679614801,0.6046747514013512
0,0,0.7134402478236573,0.0654157255621263,0.47356659055032374,-0.43893256174123346,1.058792869614995,1.187798651457621,-0.6865329230461328
0,0,-1.6024725260897705,0.0654157255621263,-0.9395167484112752,-0.43893256174123346,-0.7650365471256532,-0.606971379365009,-0.6172727412750034
0,0,0.18505374254419185,0.0654157255621263,1.0782423907288166,-0.43893256174123346,1.8404340482181298,-0.5215061398020266,0.3573169593616033
0,0,-0.5556029669603547,0.0654157255621263,-0.3006140161472074,1.0347209038044092,-0.37421595782408573,-1.2906932958688682,-0.3946507284392303
0,0,0.4182052806796186,0.0654157255621263,-0.3348409482327825,-0.43893256174123346,0.01660463147748173,1.615124849272533,-0.7310573256132875
0,0,1.0920604074284728,1.3951390197158926,0.8549524052181602,-0.43893256174123346,1.8404340482181298,-0.6924366189279914,1.3813782184061596
0,1,0.4081149716759616,0.0654157255621263,0.1296674157857362,-0.43893256174123346,0.9285193398478059,1.5296596097095505,0.1940608166153697
0,0,-0.6200221156457391,0.0654157255621263,-0.8596539068782667,-0.43893256174123346,-1.1558571364272208,-1.2906932958688682,0.515625946267042
0,0,0.4420763357762331,-1.2643075685916398,1.937175400685867,1.0347209038044092,1.1890663993821842,-1.1197628167429032,0.7530894266252
0,1,-0.10209963451821419,-1.2643075685916398,0.1443361009652684,-0.43893256174123346,0.4074252207790492,-1.8889499728097447,0.34247549183921844
0,1,1.4631128352805456,2.7248623138696586,1.12387830017625,-0.43893256174123346,1.8404340482181298,-0.09417994198711468,1.4259026209733143
0,0,-1.071797015527068,0.0654157255621263,-0.9248480632317431,-0.43893256174123346,-1.0255836066600315,-1.034297577179921,-0.7013743905685177
0,0,-0.32212442807017977,0.0654157255621263,-0.9183286475963954,-0.43893256174123346,-1.1558571364272208,-0.8633670980539562,-0.7112687022501076
0,0,-0.6914951377549763,0.0654157255621263,-0.21912132070536203,-0.43893256174123346,0.7982458100806167,-0.17964518155009707,1.4951628027444437
0,1,-0.4172816477018897,0.0654157255621263,-0.6754804151796961,-0.43893256174123346,-0.37421595782408573,-0.09417994198711468,-0.7063215464093127
0,0,0.05612201638635214,0.0654157255621263,-0.748823841077357,-0.43893256174123346,-0.7650365471256532,0.8459376932056916,-1.6512283120011497
0,0,0.6238887554162013,-1.2643075685916398,1.03423633519022,2.5083743693500518,1.7101605184509407,-0.35057566067606183,-0.31054907914571606
0,1,1.1451746728782786,0.0654157255621263,1.8328647505203048,-0.43893256174123346,-0.11366889828970743,-0.09417994198711468,1.6188416987643175
0,0,1.3589864520900294,-1.2643075685916398,0.9234062693893103,-0.43893256174123346,0.9285193398478059,1.8715205679614801,-0.8398947541107765
0,0,-0.8913860276931633,1.3951390197158926,-0.9378868945024383,-0.43893256174123346,-1.2861306661944099,1.5296596097095505,0.6096219072421462
0,1,0.17977501607468607,1.3951390197158926,-0.14251818699002736,1.0347209038044092,0.7982458100806167,-0.5215061398020266,-0.36496779339446056
0,1,1.1383076570285675,0.0654157255621263,0.540390600812637,-0.43893256174123346,0.01660463147748173,0.8459376932056916,-1.7155413379314841
0,1,-0.7019124475133814,1.3951390197158926,-0.8889912772373311,-0.43893256174123346,-0.8953100768928424,1.187798651457621,-1.616598221115585
0,0,-0.1475527394282062,1.3951390197158926,-0.9118092319610478,-0.43893256174123346,-1.2861306661944099,1.3587291305835858,-1.735329961294664
0,1,-1.3301743261716372,-1.2643075685916398,-0.8026090200689749,-0.43893256174123346,-1.0255836066600315,0.3331462558277972,0.5601503488341966
0,1,0.8957665257925155,0.0654157255621263,1.6601002361835926,-0.43893256174123346,1.5798869886837517,-0.35057566067606183,1.3714839067245697
0,1,0.8514345663273741,0.0654157255621263,0.7213043846935338,-0.43893256174123346,1.4496134589165623,-0.606971379365009,-0.053296975424378217
0,0,0.3507964108079655,0.0654157255621263,0.7555313167791088,-0.43893256174123346,1.3193399291493733,1.615124849272533,0.9212927252122285
0,0,-0.026679246155231505,1.3951390197158926,0.21604967295409233,-0.43893256174123346,1.3193399291493733,-0.008714702424132305,0.2633209983864991
0,0,-0.6349240071835474,0.0654157255621263,-0.7618626723480523,-0.43893256174123346,-0.6347630173584641,-0.008714702424132305,-0.8398947541107765
0,1,-0.026679246155231505,0.0654157255621263,-0.9313674788670907,-0.43893256174123346,-0.8953100768928424,-1.034297577179921,0.19900797245616464
0,0,0.8448478368388759,-1.2643075685916398,1.0505348742785892,-0.43893256174123346,0.27715169101186005,-1.1197628167429032,-0.5282239361406942
0,0,-0.439050555089409,1.3951390197158926,-0.9378868945024383,-0.43893256174123346,-1.0255836066600315,-0.7779018584909737,0.8866626343266638
0,0,0.7237174144014562,0.0654157255621263,0.8256150348590958,-0.43893256174123346,2.2312546375196973,-0.43604090023904424,1.6435774779682923
0,1,0.705078371380812,0.0654157255621263,0.4051127263791736,-0.43893256174123346,0.01660463147748173,1.5296596097095505,0.9163455693714335
0,0,-0.4559611655492416,-1.2643075685916398,-0.8237971208838548,-0.43893256174123346,-1.0255836066600315,1.7860553283984977,-0.28581329994174126
0,0,1.198569224689297,0.0654157255621263,1.7138854151752108,-0.43893256174123346,0.27715169101186005,1.4441943701465683,1.2576993223862856
0,0,-0.9432390045175119,0.0654157255621263,-0.8417255138810608,-0.43893256174123346,-0.7650365471256532,-1.2906932958688682,-1.3296631823494773
0,0,-0.822295439654234,0.0654157255621263,-0.9248480632317431,-0.43893256174123346,-1.2861306661944099,-0.8633670980539562,-0.4985410010959244
0,0,0.12325059989679259,0.0654157255621263,-0.15392716435188572,-0.43893256174123346,0.5376987505462384,1.7005900888355154,-0.12750431303630258
0,0,0.9302417482216769,0.0654157255621263,0.26494529021919955,-0.43893256174123346,0.6679722803134275,1.1023334118946386,-0.8300004424291866
0,0,-1.245387701904797,0.0654157255621263,-0.9476660179554598,-0.43893256174123346,-1.2861306661944099,-0.008714702424132305,-0.3303377025088959
0,1,-0.4649303291080479,-1.2643075685916398,0.1019598993355088,-0.43893256174123346,0.6679722803134275,-1.5470890145578151,0.8965569460082538
0,0,0.8206497809875132,-1.2643075685916398,1.4335505428552624,-0.43893256174123346,0.7982458100806167,-1.2052280563058857,0.015963206346751198
0,1,0.596093691262609,0.0654157255621263,-0.09036286190724632,-0.43893256174123346,0.5376987505462384,-0.09417994198711468,-1.0476752994241647
0,0,-1.124117136286771,0.0654157255621263,-0.9623347031349919,-0.43893256174123346,-1.2861306661944099,-0.6924366189279914,0.025857518028341114
1,1,-1.393472329412171,-1.2643075685916398,-0.7944597505247905,-0.43893256174123346,-1.0255836066600315,0.7604724536427091,-1.2851387797823228
0,0,-0.026679246155231505,1.3951390197158926,-0.8466150756075714,-0.43893256174123346,-0.6347630173584641,-0.17964518155009707,0.6393048422869159
0,0,-0.026679246155231505,0.0654157255621263,-0.6673311456355117,-0.43893256174123346,-0.5044894875912749,1.2732638910206036,0.0852233881178806
0,0,-1.1281345741308197,0.0654157255621263,-0.6705908534531855,-0.43893256174123346,-0.7650365471256532,-0.35057566067606183,1.574317296197163
0,1,-0.026679246155231505,0.0654157255621263,-0.26149752233512163,-0.43893256174123346,0.01660463147748173,1.187798651457621,-0.49359384525512945
0,0,-0.014089717097427954,0.0654157255621263,-0.2875751848765121,-0.43893256174123346,0.27715169101186005,0.7604724536427091,1.213174919819131
0,0,0.7723938124653942,-1.2643075685916398,1.1303977158115976,-0.43893256174123346,1.9707075779853191,-1.6325542541207976,0.8817154784858688
0,1,-0.026679246155231505,-1.2643075685916398,1.6063150571919746,1.0347209038044092,0.9285193398478059,2.2133815262134098,-0.5529597153446689
0,0,0.226255837642458,0.0654157255621263,0.6512206666135467,-0.43893256174123346,1.5798869886837517,-0.008714702424132305,0.7135121798988403
0,0,1.6372173799871645,-1.2643075685916398,0.6430713970693621,-0.43893256174123346,0.4074252207790492,-1.9744152123727272,1.0251829978689226
0,0,1.301948177583246,0.0654157255621263,1.5362313391119875,1.0347209038044092,1.058792869614995,0.8459376932056916,-1.3049274031455025
0,1,-0.9868235336860859,0.0654157255621263,-0.9101793780522108,-0.43893256174123346,-0.8953100768928424,-0.9488323376169385,-0.4243336634840001
0,0,-0.8335536084962772,0.0654157255621263,-0.9672242648615027,-0.43893256174123346,-1.416404195961599,-0.17964518155009707,-0.5875898062302337
0,1,0.06607218220940281,1.3951390197158926,-0.3413603638681301,-0.43893256174123346,0.7982458100806167,-0.43604090023904424,-0.2561303648969715
1,0,-1.380999586338206,-1.2643075685916398,-0.9395167484112752,-0.43893256174123346,-1.416404195961599,-0.008714702424132305,-0.5084353127775143
0,0,0.9048291181383926,0.0654157255621263,-0.41959335149230165,-0.43893256174123346,-0.2439424280568966,-0.606971379365009,-1.4632363900509413
0,1,1.2749005437262209,-1.2643075685916398,1.2232993886153012,2.5083743693500518,0.9285193398478059,-2.0598804519357095,1.0053943745057428
0,0,-0.09532604745557405,0.0654157255621263,0.39207389510847834,1.0347209038044092,1.4496134589165623,1.7005900888355154,1.5149514261076236
0,0,-0.1519906068140739,1.3951390197158926,-0.9362570405936014,-0.43893256174123346,-1.2861306661944099,1.615124849272533,0.24847953086411423
0,0,1.3169434979081251,-1.2643075685916398,1.317830915327842,-0.43893256174123346,0.5376987505462384,-0.5215061398020266,-0.4045450401208202
0,1,0.10741442048827532,1.3951390197158926,-0.5679100571964603,-0.43893256174123346,0.01660463147748173,1.1023334118946386,0.21384943997854952
0,0,1.4003286903689018,0.0654157255621263,2.4212420116104285,2.5083743693500518,0.6679722803134275,-0.606971379365009,1.4061139976101344
0,0,1.1265356298576343,0.0654157255621263,1.2721950058804086,2.5083743693500518,-0.6347630173584641,-0.5215061398020266,1.104337491321642
0,0,0.0584577360631246,1.3951390197158926,-0.9281077710494169,-0.43893256174123346,-1.2861306661944099,-0.606971379365009,-1.250508688896758
0,0,0.7454863217889754,0.0654157255621263,0.6430713970693621,-0.43893256174123346,1.5798869886837517,1.7005900888355154,-1.5621795068668405
0,0,-1.735748690846407,0.0654157255621263,-0.9166987936875585,-0.43893256174123346,-1.1558571364272208,-1.2906932958688682,1.4654798676996739
0,0,1.2227672805406595,0.0654157255621263,1.0423856047344044,2.5083743693500518,0.6679722803134275,-0.43604090023904424,-1.1070411695137043
1,0,-1.76415104211596,-1.2643075685916398,-0.8759524459666358,-0.43893256174123346,-1.0255836066600315,-0.2651104211130795,0.6541463098093008
1,0,-1.4727933696353637,0.0654157255621263,-0.9329973327759276,-0.43893256174123346,-1.0255836066600315,-1.4616237749948329,1.2576993223862856
0,0,0.31267746568303895,0.0654157255621263,-0.7749015036187475,-0.43893256174123346,-0.8953100768928424,0.5895419745167444,0.14953641404821508
0,1,0.9816742955042065,0.0654157255621263,-0.19467351207280842,1.0347209038044092,0.5376987505462384,-0.09417994198711468,1.0251829978689226
0,0,-0.1776368088650355,0.0654157255621263,-0.5695399111052972,-0.43893256174123346,-0.2439424280568966,1.7005900888355154,0.159430725729805
0,1,1.4191545909636878,-1.2643075685916398,2.219140126914652,1.0347209038044092,0.7982458100806167,0.6750072140797267,1.4654798676996739
0,1,0.2953464256813873,1.3951390197158926,0.018837349984826498,-0.43893256174123346,1.058792869614995,1.187798651457621,0.18911366077457473
0,0,-0.32698272499786646,-1.2643075685916398,0.664259497884242,1.0347209038044092,1.1890663993821842,-1.034297577179921,0.9955000628241529
0,0,-0.8112241283863325,1.3951390197158926,-0.9655944109526657,-0.43893256174123346,-1.1558571364272208,1.3587291305835858,-1.5324965718220707
0,0,-0.4173750764889606,0.0654157255621263,-0.7863104809806059,-0.43893256174123346,-1.0255836066600315,-0.43604090023904424,-0.5628540270262589
0,0,-0.2904053548596098,0.0654157255621263,-0.26475723015279545,-0.43893256174123346,0.5376987505462384,1.2732638910206036,-0.06813844294676309
0,0,0.6784511670656059,0.0654157255621263,0.6724087674284265,-0.43893256174123346,1.4496134589165623,-0.008714702424132305,-0.7261101697724925
0,0,-1.1314045816783012,0.0654157255621263,-0.872692738148962,-0.43893256174123346,-1.0255836066600315,-1.034297577179921,-0.2313945856929967
0,0,0.8339633831451162,0.0654157255621263,0.6919670143344694,-0.43893256174123346,1.5798869886837517,1.4441943701465683,-0.9635736501306504
0,1,0.9466385003526195,-1.2643075685916398,1.5574194399268673,-0.43893256174123346,0.9285193398478059,0.5895419745167444,0.4513129203367075
0,1,-1.2208626452986862,0.0654157255621263,-0.9590749953173181,-0.43893256174123346,-1.416404195961599,-0.17964518155009707,1.3121180366350302
0,0,-0.67472467047575,0.0654157255621263,-0.7977194583424643,-0.43893256174123346,-0.7650365471256532,-0.606971379365009,1.4902156469036487
0,0,-1.2508532859484447,1.3951390197158926,-0.9835228039498717,-0.43893256174123346,-1.416404195961599,-0.606971379365009,-0.15224009224027737
0,0,-0.3908413009608255,0.0654157255621263,-0.783050773162932,-0.43893256174123346,-0.6347630173584641,-0.9488323376169385,1.554528672833983
0,0,0.05967231029504628,0.0654157255621263,0.37577535602010925,-0.43893256174123346,1.058792869614995,1.1023334118946386,1.688101880535447
0,0,-0.08579631117434243,1.3951390197158926,-0.8971405467815157,1.0347209038044092,-1.0255836066600315,1.0168681723316564,-1.7056470262498942
0,0,1.539397439923934,-1.2643075685916398,1.7660407402579916,3.9820278348956943,1.1890663993821842,-0.2651104211130795,-0.4243336634840001
0,0,0.43600346461662476,0.0654157255621263,0.0025388108964574194,-0.43893256174123346,0.4074252207790492,0.24768101626481484,-0.11266284551391771
0,0,1.4192013053572234,-1.2643075685916398,1.8947991990561075,1.0347209038044092,0.4074252207790492,-1.4616237749948329,0.505731634585452
0,0,0.6197778887850818,-1.2643075685916398,1.0440154586432415,-0.43893256174123346,1.058792869614995,0.3331462558277972,1.5347400494708032
0,0,-0.8577983787411754,2.7248623138696586,-0.9916720734940563,-0.43893256174123346,-1.416404195961599,-0.43604090023904424,-0.5727483387078488
0,1,-0.9791623731462723,0.0654157255621263,-0.9281077710494169,-0.43893256174123346,-1.2861306661944099,-0.606971379365009,0.391947050247168
0,1,0.950936224557881,-1.2643075685916398,2.1620952401053604,1.0347209038044092,0.6679722803134275,-0.606971379365009,0.5997275955605562
0,0,4.903674633559912,-1.2643075685916398,-0.9916720734940563,-0.43893256174123346,-1.9374983150303555,1.7005900888355154,-0.24623605321538158
1,0,-1.679270989062049,0.0654157255621263,-0.8531344912429191,-0.43893256174123346,-0.8953100768928424,-0.9488323376169385,1.6336831662867024
0,1,0.6322506318590467,-1.2643075685916398,1.2249292425241383,-0.43893256174123346,0.27715169101186005,1.0168681723316564,-0.909154935881906
0,0,0.3148263277856696,0.0654157255621263,-0.3658081725006837,-0.43893256174123346,0.01660463147748173,0.3331462558277972,-1.3346103381902723
0,1,-0.5307976239930312,1.3951390197158926,-0.5923578658290138,1.0347209038044092,0.01660463147748173,-0.008714702424132305,-0.41443935180241015
0,1,-1.465225637882621,0.0654157255621263,-0.9590749953173181,-0.43893256174123346,-1.2861306661944099,-0.09417994198711468,-1.5077607926180958
0,1,0.49911461028301657,0.0654157255621263,-0.7162267629006188,-0.43893256174123346,-0.6347630173584641,1.2732638910206036,-1.1565127279216538
0,1,-1.0518966838809667,1.3951390197158926,-0.7080774933564343,-0.43893256174123346,-0.5044894875912749,0.24768101626481484,1.6732604130130622
0,1,-1.5231982002601132,0.0654157255621263,-0.9737436804968503,-0.43893256174123346,-1.2861306661944099,-0.43604090023904424,-1.0080980526978052
0,0,-0.7551201417502581,1.3951390197158926,-0.9297376249582537,-0.43893256174123346,-1.0255836066600315,-0.17964518155009707,-0.9734679618122404
0,1,-0.6986424399659,1.3951390197158926,-0.8384658060633869,-0.43893256174123346,-0.37421595782408573,0.07675053713885008,0.7877195175107646
0,0,-1.327324748165975,-1.2643075685916398,-0.8482449295164084,-0.43893256174123346,-1.0255836066600315,1.0168681723316564,-1.1515655720808589
0,1,0.6250566152545876,0.0654157255621263,0.2714647058545472,2.5083743693500518,1.7101605184509407,-0.35057566067606183,-0.9437850267674707
0,1,1.2400983205423113,-1.2643075685916398,1.1874426026208893,1.0347209038044092,0.5376987505462384,1.0168681723316564,-0.671691455523748
0,0,-1.0380225090009383,0.0654157255621263,-0.944406310137786,-0.43893256174123346,-1.2861306661944099,-0.17964518155009707,-1.2752444681007329
0,0,-0.49879826442124847,2.7248623138696586,-0.908549524143374,-0.43893256174123346,-0.5044894875912749,0.7604724536427091,-1.270297312259938
0,0,0.5401765622006764,1.3951390197158926,-0.5141248782048423,-0.43893256174123346,0.14687816124467087,-0.35057566067606183,0.020910362187546157
0,0,-0.42900696047928744,0.0654157255621263,-0.8580240529694299,-0.43893256174123346,-0.8953100768928424,0.5895419745167444,-0.46391091021035974
0,0,-0.11120894125762677,1.3951390197158926,-0.9183286475963954,-0.43893256174123346,-1.0255836066600315,0.9314029327686739,-0.780528884021237
0,0,0.8061216045979885,-1.2643075685916398,2.1946923182820983,1.0347209038044092,0.14687816124467087,-0.2651104211130795,1.4654798676996739
0,0,-1.6258764372510306,0.0654157255621263,-0.8889912772373311,-0.43893256174123346,-0.5044894875912749,-0.606971379365009,-0.9982037410162152
0,1,-0.5307976239930312,1.3951390197158926,-0.5923578658290138,1.0347209038044092,0.01660463147748173,-0.008714702424132305,-0.41443935180241015
0,0,-0.9993429911535863,0.0654157255621263,-0.9558152874996443,-0.43893256174123346,-1.2861306661944099,-0.606971379365009,0.06543476475470078
0,0,-0.925253963006364,0.0654157255621263,-0.9020301085080263,-0.43893256174123346,-0.8953100768928424,-1.2052280563058857,-1.5127079484588908
0,1,-0.47833736005272176,1.3951390197158926,-0.7211163246271296,-0.43893256174123346,-0.2439424280568966,0.41861149539077963,-1.4483949225285564
0,0,-0.8304237441294021,0.0654157255621263,-0.9558152874996443,-0.43893256174123346,-1.2861306661944099,-0.5215061398020266,-0.9685208059714454
0,0,0.3050163051432253,0.0654157255621263,0.20627054950107088,1.0347209038044092,0.9285193398478059,1.187798651457621,-1.2109314421703983
0,1,0.3612604349599061,0.0654157255621263,-0.5711697650141341,-0.43893256174123346,-0.37421595782408573,0.3331462558277972,-0.9833622734938303
0,0,0.41778485113779956,0.0654157255621263,1.7904885488905453,-0.43893256174123346,1.4496134589165623,0.41861149539077963,1.3467481275205948
0,0,0.5157916487751719,0.0654157255621263,-0.5092353164783316,-0.43893256174123346,-0.2439424280568966,-0.9488323376169385,-1.1713541954440387
0,0,-0.2164097554994583,0.0654157255621263,-0.27290649969698,-0.43893256174123346,0.6679722803134275,1.0168681723316564,-0.10771568967312276
0,1,1.0700579280732763,-1.2643075685916398,1.596535933738953,1.0347209038044092,1.058792869614995,1.7005900888355154,0.18416650493377976
1,1,-1.7144002130007068,0.0654157255621263,-0.9460361640466228,-0.43893256174123346,-1.1558571364272208,-1.9744152123727272,-0.5430654036630791
0,1,-0.9526285976181371,0.0654157255621263,-0.8449852216987346,-0.43893256174123346,-0.8953100768928424,-0.43604090023904424,0.08027623227708565
0,1,0.939818198896444,0.0654157255621263,1.1955918721650738,-0.43893256174123346,0.6679722803134275,1.2732638910206036,0.7234064915804302
0,1,1.8321098298170586,-1.2643075685916398,0.7294536542377182,5.455681300441337,-0.11366889828970743,-1.8034847332467623,0.5205731021078369
0,0,1.777360560593512,-1.2643075685916398,1.246117343339018,3.9820278348956943,0.4074252207790492,-1.2906932958688682,-0.8201061307475968
0,1,-0.46647190409471767,1.3951390197158926,-0.9199585015052323,-0.43893256174123346,-1.2861306661944099,-1.034297577179921,-0.671691455523748
0,1,0.8086441818489027,0.0654157255621263,-0.0659150532746927,1.0347209038044092,0.4074252207790492,0.3331462558277972,-1.1763013512848337
0,1,0.6424810840433101,-1.2643075685916398,0.9706720327455806,3.9820278348956943,1.5798869886837517,-0.09417994198711468,0.06048760891390582
0,0,0.41955999809214667,0.0654157255621263,0.5795070946247227,-0.43893256174123346,1.058792869614995,-0.5215061398020266,-0.9437850267674707
0,0,0.9348664731816864,0.0654157255621263,0.9918601335604604,-0.43893256174123346,0.27715169101186005,1.5296596097095505,-0.09287422215073787
0,0,0.6193107448497273,0.0654157255621263,0.17530332523316963,2.5083743693500518,0.9285193398478059,1.187798651457621,-1.2010371304888086
0,0,1.2716305361787394,-1.2643075685916398,2.4896958757815786,2.5083743693500518,0.5376987505462384,-0.5215061398020266,0.8916097901674588
0,1,1.3746824883179403,-1.2643075685916398,2.3348597544420726,-0.43893256174123346,0.27715169101186005,0.16221577670183246,0.990552906983358
0,1,-0.16446334988803882,0.0654157255621263,-0.31202299350906576,-0.43893256174123346,0.5376987505462384,-0.35057566067606183,1.3121180366350302
0,0,0.04491056193784434,0.0654157255621263,-0.034947829006791456,1.0347209038044092,0.01660463147748173,-0.17964518155009707,0.9113984135306386
0,0,-0.6075960869653096,0.0654157255621263,-0.5858384501936662,-0.43893256174123346,-0.37421595782408573,1.187798651457621,-0.5232767802998992
0,0,-1.2092307613083595,0.0654157255621263,-0.9166987936875585,-0.43893256174123346,-0.7650365471256532,-0.43604090023904424,-0.5776954945486438
0,0,-0.35631936413812854,0.0654157255621263,-0.12133008617514757,1.0347209038044092,0.7982458100806167,-0.2651104211130795,0.6195162189237361
0,0,-0.4404987012890079,-1.2643075685916398,-0.8384658060633869,-0.43893256174123346,-1.0255836066600315,0.41861149539077963,-1.4187119874837866
1,1,-1.1896107160234708,0.0654157255621263,-0.8955106928726787,-0.43893256174123346,-0.7650365471256532,-0.7779018584909737,0.2534266867049092
0,0,0.05981245347565262,0.0654157255621263,-0.9346271866847645,-0.43893256174123346,-1.2861306661944099,1.0168681723316564,-1.240614377215168
0,0,0.7363770150495629,0.0654157255621263,0.7376029237819028,1.0347209038044092,1.7101605184509407,0.7604724536427091,0.8965569460082538
0,0,1.1342902191845188,0.0654157255621263,0.6854475986991218,1.0347209038044092,1.058792869614995,-0.2651104211130795,-1.0427281435833697
0,0,1.5025397834244647,-1.2643075685916398,1.5704582711975625,1.0347209038044092,1.1890663993821842,1.1023334118946386,-1.5077607926180958
0,0,0.6322506318590467,-1.2643075685916398,1.2249292425241383,-0.43893256174123346,0.27715169101186005,1.0168681723316564,-0.909154935881906
1,0,-1.248610995058743,0.0654157255621263,-0.9150689397787216,-0.43893256174123346,-1.0255836066600315,-0.2651104211130795,-1.2307200655335782
0,1,1.7594222334758995,-1.2643075685916398,1.7301839542635797,-0.43893256174123346,1.3193399291493733,-1.2052280563058857,0.6689877773316857
0,1,-0.518605167280279,1.3951390197158926,-0.9150689397787216,-0.43893256174123346,-1.2861306661944099,-0.17964518155009707,0.6887764006948655
0,0,-1.1437371815716597,-1.2643075685916398,-0.9753735344056872,-0.43893256174123346,-1.416404195961599,1.8715205679614801,1.693049036376242
0,0,1.4198553068667197,-1.2643075685916398,2.127868308019785,2.5083743693500518,1.3193399291493733,1.0168681723316564,1.218122075659926
0,0,1.020727528499842,0.0654157255621263,1.528082069567803,1.0347209038044092,0.9285193398478059,1.0168681723316564,1.697996192217037
0,1,-2.014913906614251,1.3951390197158926,-0.944406310137786,-0.43893256174123346,-0.6347630173584641,1.4441943701465683,0.5453088813118117
0,1,-0.40317390085418403,-1.2643075685916398,-0.7618626723480523,-0.43893256174123346,-0.8953100768928424,-0.43604090023904424,-1.4088176758021966
0,0,0.17005842221931267,0.0654157255621263,-0.10340169317794158,1.0347209038044092,0.27715169101186005,-0.35057566067606183,-0.2066588064890219
0,0,-0.06781126966319449,1.3951390197158926,-0.16859584953141787,1.0347209038044092,0.6679722803134275,1.2732638910206036,0.1099591673218554
0,0,-0.6945315733347805,1.3951390197158926,-0.9020301085080263,-0.43893256174123346,-0.6347630173584641,-0.5215061398020266,-1.735329961294664
1,1,-1.670862398225668,0.0654157255621263,-0.8107582896131595,-0.43893256174123346,-0.8953100768928424,-1.8034847332467623,-0.12750431303630258
0,1,0.269933795598103,0.0654157255621263,0.2356079198601352,-0.43893256174123346,1.4496134589165623,-0.008714702424132305,1.1340204263664118
0,1,-0.16446334988803882,0.0654157255621263,-0.31202299350906576,-0.43893256174123346,0.5376987505462384,-0.35057566067606183,1.3121180366350302
0,0,1.0209143860739838,0.0654157255621263,0.36762608647592476,-0.43893256174123346,1.058792869614995,-0.7779018584909737,0.9361341927346134
0,0,-1.5426781023643956,-1.2643075685916398,-0.8352060982457131,-0.43893256174123346,-1.1558571364272208,-1.8034847332467623,0.7135121798988403
0,1,-0.7502151304290359,1.3951390197158926,-0.6803699769062069,-0.43893256174123346,0.01660463147748173,0.07675053713885008,1.3269595041574151
0,0,0.4232971495749826,0.0654157255621263,1.0912812219995118,-0.43893256174123346,0.6679722803134275,-0.9488323376169385,1.6485246338090873
0,0,-0.9253473917934348,1.3951390197158926,-0.9166987936875585,1.0347209038044092,-0.6347630173584641,1.2732638910206036,-1.265350156419143
1,0,-1.7300495348350822,0.0654157255621263,-0.9166987936875585,-0.43893256174123346,-1.2861306661944099,0.504076734953762,1.0647602445952824
0,1,-0.3179668470455248,1.3951390197158926,-0.9183286475963954,-0.43893256174123346,-1.1558571364272208,0.504076734953762,-0.023614040379608466
0,1,-0.4757213540147366,0.0654157255621263,-0.10340169317794158,-0.43893256174123346,0.9285193398478059,1.187798651457621,0.7283536474212251
0,0,1.6991139514216347,-1.2643075685916398,1.7481123472607858,-0.43893256174123346,0.4074252207790492,-1.034297577179921,-1.0377809877425748
0,1,-0.6492653259989303,1.3951390197158926,-0.9297376249582537,-0.43893256174123346,-1.0255836066600315,1.615124849272533,-1.4582892342101463
0,1,1.3390394060503925,-1.2643075685916398,1.3618369708664384,-0.43893256174123346,0.5376987505462384,-2.2308109310616744,1.3418009716797998
0,0,-2.179114999891355,0.0654157255621263,-0.9558152874996443,-0.43893256174123346,-1.8072247852631664,-0.606971379365009,-0.09782137799153283
0,0,-0.7075181747376353,1.3951390197158926,-0.978633242223361,-0.43893256174123346,-1.416404195961599,1.2732638910206036,1.0004472186649478
0,0,-1.0989847925646994,0.0654157255621263,-0.9199585015052323,-0.43893256174123346,-1.0255836066600315,-1.2052280563058857,0.5502560371526066
0,1,1.405140272903053,-1.2643075685916398,1.0456453125520784,-0.43893256174123346,0.27715169101186005,1.7860553283984977,-1.3296631823494773
0,0,-1.363014544827058,0.0654157255621263,-0.9802630961321979,-0.43893256174123346,-1.416404195961599,-0.7779018584909737,0.10501201148106044
0,0,-0.5536409624318658,0.0654157255621263,-0.32506182477976103,-0.43893256174123346,0.27715169101186005,-1.3761585354318504,1.3319066599982101
0,0,0.28366782729752504,0.0654157255621263,-0.2989841622383705,-0.43893256174123346,0.4074252207790492,-0.8633670980539562,-0.6865329230461328
0,1,1.1129417413388185,-1.2643075685916398,1.4302908350375885,2.5083743693500518,0.7982458100806167,-1.1197628167429032,0.030804673869136073
0,0,-2.076576906081044,0.0654157255621263,-0.9264779171405799,-0.43893256174123346,-0.5044894875912749,-0.8633670980539562,0.31773971263524364
0,0,-0.859106381760168,2.7248623138696586,-0.9264779171405799,-0.43893256174123346,-0.7650365471256532,0.504076734953762,-1.730382805453869
0,1,0.265776214573448,0.0654157255621263,0.11499873060620405,1.0347209038044092,0.9285193398478059,-0.09417994198711468,-0.904207780041111
0,0,0.30837974147777764,1.3951390197158926,0.012317934349478865,-0.43893256174123346,0.9285193398478059,0.07675053713885008,1.4209554651325194
0,0,0.5523690189134286,1.3951390197158926,0.056323989888075375,-0.43893256174123346,1.4496134589165623,-0.8633670980539562,0.5354145696302218
0,1,0.28095839247246895,0.0654157255621263,-0.2354198597937311,-0.43893256174123346,0.5376987505462384,0.5895419745167444,0.6393048422869159
0,0,-0.026679246155231505,-1.2643075685916398,1.7448526394431119,1.0347209038044092,-1.8072247852631664,-0.7779018584909737,1.6435774779682923
0,0,-1.285515365951748,1.3951390197158926,-0.890621131146168,-0.43893256174123346,-1.0255836066600315,-0.2651104211130795,-1.5423908835036606
0,1,-1.9125159559845466,0.0654157255621263,-0.8580240529694299,1.0347209038044092,-0.7650365471256532,-1.2906932958688682,0.5749918163565815
0,1,-0.3340365984217193,-1.2643075685916398,0.7098954073316753,-0.43893256174123346,1.5798869886837517,-0.09417994198711468,1.5990530754011378
0,1,-1.174241680550308,-1.2643075685916398,-0.9704839726791765,-0.43893256174123346,-1.416404195961599,-1.4616237749948329,1.6188416987643175
0,0,-0.8189787177132171,0.0654157255621263,-0.9492958718642966,-0.43893256174123346,-1.416404195961599,-0.43604090023904424,0.04564614139152095
0,0,0.43306045782389146,0.0654157255621263,1.0570542899139368,-0.43893256174123346,0.4074252207790492,0.16221577670183246,0.1346949465258302
0,0,0.5634403301813301,2.7248623138696586,-0.28105576924116454,1.0347209038044092,0.9285193398478059,1.9569858075244626,-1.6561754678419447
0,1,0.2348980004465161,-1.2643075685916398,1.0505348742785892,1.0347209038044092,0.5376987505462384,-1.034297577179921,-0.9833622734938303
0,0,0.8078033227652647,0.0654157255621263,0.450748635826607,-0.43893256174123346,1.058792869614995,1.1023334118946386,-0.9784151176530353
0,0,0.04280841422874913,1.3951390197158926,-0.7227461785359665,-0.43893256174123346,-0.5044894875912749,1.2732638910206036,1.3269595041574151
